2 2 3
0.989113146682 0.0108868533182 
0.812962059109 0.187037940891 
0.0343455220679 0.965654477932 
314.747163665 2276.64697504 
455.921828177 2116.87157796 
368.828979908 745.939447517 
375.084029166 831.210202283 
501.30203584 1046.47632593 
742.004238596 1124.433088 
770.803081668 -452.356075898 
-452.356075898 6840.38772457 
322409.965265 34887.5709961 
34887.5709961 52421.9397004 
819.586761822 1120.41111569 
1120.41111569 2726.74731433 
7875.773438 6427.14767032 
6427.14767032 15001.2881966 
51927.9515239 54533.5156476 
54533.5156476 77261.2927185 
1000.05083608 201.373720142 
201.373720142 2903.38631882 
