2 3 3
0.551659625311 0.0124062759103 0.435934098779 
0.084318638711 0.317718390863 0.597962970426 
0.0436254805991 0.338278466638 0.618096052763 
329.008750138 2280.95495438 
433.000652364 2149.17552239 
296.859875161 2270.83292293 
355.555827131 849.269402938 
360.259388786 729.96791919 
377.210472837 766.527132874 
549.104662535 1047.70151085 
717.333335886 1164.20399561 
755.746324471 1103.750776 
540.139497894 -378.217400685 
-378.217400685 10228.4452585 
287889.43038 26403.5753124 
26403.5753124 46068.4901332 
446.488997364 -743.971417955 
-743.971417955 2692.67069842 
13577.3247833 12123.454914 
12123.454914 25183.529953 
65.8301792586 56.9284583285 
56.9284583285 574.172392248 
1506.36129287 1908.79571105 
1908.79571105 4752.61228208 
50352.8726862 42580.6578699 
42580.6578699 60163.4810361 
363.863154957 966.245417594 
966.245417594 3976.26156995 
765.904760834 629.862012588 
629.862012588 1035.30056691 
