2 4 3
0.68697112633 0.0113493970133 0.196354433048 0.105325043609 
0.012530363325 0.513759398621 0.158761231565 0.314949006488 
0.269690829704 0.31914641207 0.0492272107983 0.361935547427 
316.597063893 2249.11110545 
450.939981027 2111.78277975 
301.009832165 2287.62812407 
328.208343992 2437.02486212 
308.584426723 643.867104508 
379.015492748 763.236580771 
364.738458972 828.828546291 
360.385762622 730.640874888 
778.313648549 1120.68954865 
718.05593168 1170.10427344 
575.571382081 1054.9391194 
735.8613875 1089.00504486 
947.276835573 -889.317772798 
-889.317772798 4808.70020897 
309728.621519 34699.4667999 
34699.4667999 52048.9823065 
210.888867991 26.628698536 
26.628698536 319.815059223 
123.62229429 -87.6455474625 
-87.6455474625 906.546715134 
69572.3404648 60925.288757 
60925.288757 54517.010143 
1604.32096729 2210.85681714 
2210.85681714 4652.937548 
1931.46247274 901.205734198 
901.205734198 10532.6100658 
63.9461422648 50.6870833576 
50.6870833576 596.873030568 
106.202203634 53.7924113911 
53.7924113911 533.66803332 
364.036351738 913.460365619 
913.460365619 3448.12411662 
50371.6942994 39451.0988979 
39451.0988979 54764.3002607 
549.198166768 556.44949353 
556.44949353 1006.26923957 
