2 2 3
0.408872800429 0.591127199571 
0.512875427464 0.487124572536 
0.512875427464 0.487124572536 
0.240398851741 0.669078057802 
2.45754359692 0.742286343423 
0.366222195599 -0.822768388628 
-1.30555262652 -0.874407123612 
3.8662221956 -0.822768388628 
2.19444737348 -0.874407123612 
0.210165724264 0.204636517958 
0.204636517958 0.267717593239 
0.361233472245 -0.273819564515 
-0.273819564515 0.279218097998 
0.163801191425 0.149785792224 
0.149785792224 0.17902971059 
0.190783981266 -0.166472009372 
-0.166472009372 0.193192556329 
0.163801191425 0.149785792224 
0.149785792224 0.17902971059 
0.190783981266 -0.166472009372 
-0.166472009372 0.193192556329 
