2 3 3
0.375557089189 0.318380188023 0.306062722788 
0.266228810246 0.364973910699 0.368797279055 
0.266228810246 0.368797279055 0.364973910699 
0.166845525867 0.612996936124 
1.84940244664 1.19161298592 
2.93907173364 0.335722541479 
-1.64949744148 -0.553891981738 
-0.613732043502 -1.27778125625 
0.582974814611 -0.63477708002 
1.85050255852 -0.553891981738 
4.08297481461 -0.63477708002 
2.8862679565 -1.27778125625 
0.160448876255 0.172022267928 
0.172022267928 0.251407166387 
0.234491467854 -0.0631399238845 
-0.0631399238845 0.0370807297316 
0.0492863447526 -0.0674273860173 
-0.0674273860173 0.161197023355 
0.0334232902166 -0.0473791722716 
-0.0473791722716 0.115165274339 
0.170358391468 -0.016262954037 
-0.016262954037 0.0117322866382 
0.0481711868232 0.0619712347882 
0.0619712347882 0.120505191076 
0.0334232902166 -0.0473791722716 
-0.0473791722716 0.115165274339 
0.0481711868232 0.0619712347882 
0.0619712347882 0.120505191076 
0.170358391468 -0.016262954037 
-0.016262954037 0.0117322866382 
