2 4 3
0.226566362366 0.283661499847 0.307685613837 0.182086523951 
0.26180034555 0.241733868274 0.272557186619 0.223908599556 
0.223908599556 0.241733868274 0.26180034555 0.272557186619 
0.57018229568 1.05212584687 
2.96454531736 0.294576094166 
1.98249112477 1.15711805601 
-0.159715731423 0.188858922716 
-0.963504906997 -1.22345161261 
0.00484005349975 -1.19390656324 
0.674474224716 -0.496985844587 
-1.70112842988 -0.46250173112 
1.79887157012 -0.46250173112 
3.5048400535 -1.19390656324 
2.536495093 -1.22345161261 
4.17447422472 -0.496985844587 
0.130036039175 0.0569385625007 
0.0569385625007 0.0421656840694 
0.0416078622216 -0.0571122192542 
-0.0571122192542 0.14861533568 
0.210701854397 -0.0742274981889 
-0.0742274981889 0.044677729229 
0.036067746033 0.0443806635301 
0.0443806635301 0.131387310257 
0.0973649446087 -0.0305336796183 
-0.0305336796183 0.0200845986009 
0.10224939876 0.0429038561263 
0.0429038561263 0.0303979542613 
0.0236741762952 0.0317989126467 
0.0317989126467 0.0838582161589 
0.0195080722074 -0.0257991127304 
-0.0257991127304 0.0823882131258 
0.0195080722074 -0.0257991127304 
-0.0257991127304 0.0823882131258 
0.10224939876 0.0429038561263 
0.0429038561263 0.0303979542613 
0.0973649446087 -0.0305336796183 
-0.0305336796183 0.0200845986009 
0.0236741762952 0.0317989126467 
0.0317989126467 0.0838582161589 
