2 5 3
0.230172564456 0.20313329552 0.206411066474 0.170041536965 0.190241536585 
0.203652342758 0.219185737885 0.168413547844 0.192002365282 0.216746006231 
0.192360402874 0.21675682357 0.168167924076 0.20391872422 0.218796125259 
0.517755241443 1.02600269162 
3.04568153965 0.1293655192 
2.56079448666 0.877050438693 
-0.176991454096 0.152551864614 
1.65411097695 1.27703069576 
-1.09266197217 -1.17528895296 
-0.314026016679 -1.31365319339 
0.757570495018 -0.312040962029 
0.446040259822 -0.891492071264 
-1.70712776435 -0.447150016794 
3.94625395584 -0.891316493508 
1.79287881303 -0.447181089382 
4.25757099114 -0.311617645074 
2.40774781891 -1.17557720075 
3.18637335631 -1.31361118594 
0.118026649889 0.0577056032106 
0.0577056032106 0.0463966295414 
0.0229944397063 -0.0244445221684 
-0.0244445221684 0.0955592901062 
0.0670337193833 -0.0419087939455 
-0.0419087939455 0.049849864794 
0.0323248669666 0.0373689698148 
0.0373689698148 0.119072837113 
0.0874065938925 -0.017207510155 
-0.017207510155 0.0207831769956 
0.0699016290359 -0.0268736364031 
-0.0268736364031 0.0206063672318 
0.0854665424107 0.00888168431777 
0.00888168431777 0.00719726569981 
0.00932845913457 0.00524269485387 
0.00524269485387 0.0302697810514 
0.0323079150764 0.0197852840027 
0.0197852840027 0.0315169325449 
0.0184817608234 -0.0235751200204 
-0.0235751200204 0.0773393393161 
0.0324531754606 0.0199305392052 
0.0199305392052 0.0316517996778 
0.0184819210267 -0.023578784011 
-0.023578784011 0.0773539543971 
0.00932971607058 0.00524660771014 
0.00524660771014 0.030171347982 
0.069939216158 -0.0269150745273 
-0.0269150745273 0.0206447295485 
0.085162292124 0.00883096055516 
0.00883096055516 0.00718993312517 
