2 6 3
0.170098417784 0.184839697782 0.0329109075891 0.168623448763 0.212546096016 0.230981432065 
0.118548979623 0.145001271888 0.167634453657 0.172283926462 0.194212617441 0.202318750929 
0.204086608974 0.136352535093 0.12206768291 0.16696624053 0.195188271899 0.175338660594 
-0.176895124023 0.153037872456 
2.44705342191 0.959031107864 
3.05148010094 -0.281982360483 
1.60714803521 1.29200398337 
2.99894258093 0.296554893104 
0.51929291 1.02796786551 
-1.43539853778 -0.969074704444 
-0.931754789089 -1.24915336131 
0.75764256277 -0.310810962233 
-1.74145186012 -0.355279308744 
0.445848553696 -0.89253933265 
-0.278975555633 -1.31108609777 
3.216998489 -1.31152062622 
2.57749558011 -1.25234654091 
2.08120304236 -0.985751663103 
4.25762774438 -0.309663814993 
3.94638102872 -0.892063284721 
1.76030890945 -0.361279975674 
0.0323284086426 0.0374691074575 
0.0374691074575 0.119473223404 
0.0723186180586 -0.035985380567 
-0.035985380567 0.0385897346555 
0.005615738503 -0.000756402331528 
-0.000756402331528 0.00516407661884 
0.0686325700901 -0.00989431590133 
-0.00989431590133 0.0188067654337 
0.0344836000934 -0.0421995056877 
-0.0421995056877 0.0972695053373 
0.118035325866 0.0585509155626 
0.0585509155626 0.0473175538163 
0.0335112089682 -0.0228360027448 
-0.0228360027448 0.0334490291373 
0.0341533862098 -0.0110223705989 
-0.0110223705989 0.014075326059 
0.00932069088455 0.00523955797507 
0.00523955797507 0.0300137228498 
0.0128846515243 -0.0126822510538 
-0.0126822510538 0.0511141038671 
0.0327094222738 0.0204086779261 
0.0204086779261 0.0323783790881 
0.0680330476828 0.00706915402125 
0.00706915402125 0.00700891170737 
0.0685673411967 0.00706353221661 
0.00706353221661 0.00701396923669 
0.0294835730096 -0.00958968346959 
-0.00958968346959 0.0136883444041 
0.0342647944961 -0.0228707060269 
-0.0228707060269 0.032424153202 
0.00932533134941 0.00525423459012 
0.00525423459012 0.0297491767332 
0.033130926483 0.0208245736696 
0.0208245736696 0.0327543966549 
0.0131042369941 -0.013143311715 
-0.013143311715 0.0525680241028 
