2 7 3
0.154313867194 0.0805408208077 0.0557197523739 0.0746159030939 0.228078065249 0.18770497226 0.219026619021 
0.210423530855 0.202866948935 0.141086325229 0.0615047585289 0.119532567035 0.0916518857439 0.172933983673 
0.167828730763 0.161479091768 0.042514878566 0.199087717378 0.19214084016 0.136284552355 0.10066418901 
-0.0651845520849 0.443955393091 
3.11713359107 -0.155603734513 
-0.272482664252 -0.232145618867 
2.42763729654 0.987051123233 
2.88477808858 0.510640629585 
0.595878720392 1.07829844533 
1.70871519411 1.26375015817 
0.461992114464 -0.875454289465 
-0.286586852567 -1.3120182624 
-0.931831542564 -1.24851545911 
0.801956224462 -0.123803162912 
-1.43174952346 -0.973140741868 
0.732830047779 -0.390579278862 
-1.74110027974 -0.35654808461 
4.25783231941 -0.311216252585 
1.7530010955 -0.334997012928 
3.38435798522 -1.36589221014 
3.08310093097 -1.3153220182 
3.94759364985 -0.890624437391 
2.46527773091 -1.18436363464 
2.0070062175 -0.885377898974 
0.0445558562644 0.045014742385 
0.045014742385 0.0867084365077 
0.0135417634205 0.00231849993167 
0.00231849993167 0.0220738526309 
0.0184656103973 -0.00121251563762 
-0.00121251563762 0.00644849666902 
0.00946209011405 0.00108463931978 
0.00108463931978 0.0159582459666 
0.0414491721423 -0.0449236458096 
-0.0449236458096 0.0906395233222 
0.0949047957891 0.0347550015914 
0.0347550015914 0.0273627559893 
0.113883563173 -0.0267235152784 
-0.0267235152784 0.0235413874236 
0.0374803224026 0.0255349258525 
0.0255349258525 0.0375132127276 
0.0689289546166 0.00709429853517 
0.00709429853517 0.0069953449361 
0.0324126377581 -0.01053545547 
-0.01053545547 0.0139488105901 
0.00777938644142 0.0017230824409 
0.0017230824409 0.0045647169408 
0.0335812867464 -0.0228464149111 
-0.0228464149111 0.0332705546081 
0.00788965194576 -0.000875254709849 
-0.000875254709849 0.00677779647423 
0.0129275638251 -0.0127708766879 
-0.0127708766879 0.0514157753404 
0.00929380689902 0.00519000784232 
0.00519000784232 0.0301263796871 
0.012213657749 -0.0113806056986 
-0.0113806056986 0.0467542894916 
0.0174962219039 0.00152319145239 
0.00152319145239 0.00191359277754 
0.107916460688 0.0188471370793 
0.0188471370793 0.00834737695135 
0.0319251518881 0.019845905723 
0.019845905723 0.0321118574868 
0.0549930936538 -0.0107012501921 
-0.0107012501921 0.00738886407329 
0.0342533509629 -0.0219813522432 
-0.0219813522432 0.0340107526247 
