2 8 3
0.234593488009 0.0323674271187 0.207967738401 0.0430626321953 0.0510087431779 0.172853914479 0.166394113524 0.0917519430953 
0.127992598666 0.034247068691 0.174906669104 0.219168795353 0.160730603998 0.0430511627996 0.138571076383 0.101332025005 
0.191345519589 0.140937184135 0.168161709834 0.058690305869 0.0251749300188 0.176294718216 0.0425992260455 0.196796406292 
0.510743184026 1.02670098573 
3.05111332652 -0.283405203193 
3.00602248528 0.283737288202 
1.40100395743 1.18490700326 
2.75735206754 0.718029053102 
1.80004808544 1.26490611304 
-0.181402581287 0.141728477467 
2.45600234289 1.00034137512 
0.413229268405 -0.947009569377 
-0.101406482085 -1.3725436931 
0.756557279507 -0.318671371316 
-0.364600301061 -1.30910882815 
-1.74728316268 -0.333529970992 
0.580572676499 -0.686385013263 
-1.02976909159 -1.18597320129 
-1.49441361102 -0.883765905137 
3.94769651411 -0.890438298788 
2.47270158368 -1.18870595646 
4.25785512199 -0.311783163577 
1.71291360136 -0.117540180213 
2.19270977065 -1.05356001947 
1.83824448342 -0.608908410469 
3.3839509369 -1.36597459138 
3.0896018505 -1.31415042168 
0.119792487308 0.0629360272264 
0.0629360272264 0.0512803385955 
0.00557249499869 -0.000741199485504 
-0.000741199485504 0.00501996482999 
0.0331338842857 -0.0403502827741 
-0.0403502827741 0.0951126092037 
0.0435111271867 0.00232007455579 
0.00232007455579 0.0013487650022 
0.0222374205345 0.000737788698625 
0.000737788698625 0.00630440944318 
0.0895452765208 -0.0352395685333 
-0.0352395685333 0.0286226175294 
0.0315084650013 0.0357035829633 
0.0357035829633 0.115715129917 
0.0134489014089 -0.0002605549376 
-0.0002605549376 0.0173699496239 
0.02154228598 0.0043930647526 
0.0043930647526 0.0104528346261 
0.0159619116919 0.00143356639125 
0.00143356639125 0.0015454572888 
0.00951955288439 0.00521760196699 
0.00521760196699 0.030395788606 
0.123647246151 0.0214900769065 
0.0214900769065 0.0087414693691 
0.0121883383027 -0.0113126111878 
-0.0113126111878 0.0464046281133 
0.0177840581887 -0.000487044797651 
-0.000487044797651 0.0013578608145 
0.0564228668126 -0.0111856161854 
-0.0111856161854 0.00762002501913 
0.0343867671046 -0.022274667393 
-0.022274667393 0.0344391821723 
0.0316218834491 0.0195554671445 
0.0195554671445 0.0318534775156 
0.0536085021059 -0.0113039649761 
-0.0113039649761 0.00829837567317 
0.0092890916991 0.00517846454856 
0.00517846454856 0.0302560020214 
0.010218679388 -0.00104280814295 
-0.00104280814295 0.00405009642385 
0.00418088476451 0.00521813163724 
0.00521813163724 0.0082680575534 
0.0199639317205 -0.0225767800037 
-0.0225767800037 0.0587269758993 
0.0175652105651 0.00150639259739 
0.00150639259739 0.00190103132909 
0.107723852095 0.0190135068242 
0.0190135068242 0.0084197774815 
