24 3 3
0.344642344962 0.336860027025 0.318497628013 
0.383150689829 0.20581875151 0.411030558661 
0.39416511646 0.279851068285 0.325983815255 
8.23352085554 13.5514734763 112.107552229 525.352187616 1261.28869204 1066.69361093 497.707563752 611.065399104 6.72441297958 9.18646819268 23.7941379682 65.715362893 1072.99077294 1568.18388171 844.969896636 504.435066684 8.35182943002 13.3874158308 28.8048478089 62.6790824263 164.378253486 2108.9832321 876.389813661 833.025525262 
1305.94172235 1632.94305853 778.241124721 257.994464596 76.8892022678 30.397886818 8.42300764412 5.1695330715 1253.43327574 1706.89409091 755.413545181 264.446247888 79.1225601303 26.6196847228 7.87083701605 2.19975841725 2210.47533576 1358.14595527 371.040734288 98.8097234424 36.1821567542 13.0382715901 6.59574939627 1.71207350287 
134.457144499 611.8567651 1435.43906111 1221.73939638 378.86120293 193.782126041 79.3098158644 40.5544880782 65.1682362258 349.880443493 1197.75619814 1518.39735536 710.248209546 168.039901097 55.8813243621 30.6283317738 185.244648037 463.394384928 1089.52853613 1203.43011312 825.437570542 219.948485077 69.3817570044 39.6345051535 
16.944057071 72.8979994751 346.421167416 1241.67579255 1445.77946008 726.993175902 189.287984057 56.0003634504 19.4566994819 70.8742424797 256.179987705 1171.48463278 1751.87062548 647.833395098 135.184323903 43.1160930794 41.2683146759 217.831183678 739.838484042 1283.65505517 854.400220848 769.221196776 153.473044225 36.3125005834 
17.9143457521 47.9517308342 64.536002351 204.277116642 598.260702988 802.214313296 1286.95329053 1073.89249761 20.2010192903 45.7075872024 62.2401730076 100.559128738 177.388887375 639.606010326 1706.20602944 1344.09116462 24.056083912 59.4023636727 90.5402929624 165.285590272 326.107118545 552.939297807 570.803570919 2306.86568191 
673.262392335 1075.47560394 1176.45004259 610.425013188 272.881593139 125.750499324 68.686665657 93.0681898239 616.915095556 1143.66236437 996.193071805 822.864500078 245.79870037 121.806500914 66.6602726538 82.0994942515 877.363527475 1299.23021622 890.820319001 377.460172222 249.067172993 269.793590612 56.4772597598 75.7877417149 
1059.19698172 1076.73545283 1024.54059365 393.001946726 257.699040626 181.546546348 79.4182543702 23.8611837257 970.568921983 1267.12927327 1234.85395304 346.36185338 140.646452252 83.7720911305 35.157377066 17.5100778836 1572.02437837 1712.75317526 425.129726878 206.171073578 96.7773179601 45.2100449172 21.548924193 16.3853588453 
71.6872393172 131.527273238 594.144150043 1669.48771897 972.990550824 475.240653285 150.972489378 29.9499249422 78.9042551668 162.884937077 1067.37060365 1937.96640891 689.117491272 110.709734217 24.3136126252 24.7329570876 214.758358756 1050.3160214 1696.44475202 935.658353353 109.545533575 51.6861875519 12.9019079689 24.6888853705 
55.1999406291 56.1049106357 77.680858887 184.874045503 815.219848468 1345.50219277 1204.29282613 357.125376983 49.1627050789 79.015028376 117.054215991 255.813836622 1360.39896265 1463.74425988 525.787424927 245.023566478 107.539959015 382.421066513 608.677459344 1243.07691006 1015.09285197 377.318616783 245.6733209 116.199815414 
6583.64161606 1158.4276229 294.68502807 -2280.05321422 -8113.29143778 -5396.81485281 269.321141585 7484.0840962 5393.33854677 1901.99246828 1059.33190764 640.853315737 -5567.23193794 -7018.93643725 5337.72580575 -1747.07366898 4805.33555746 1880.81640048 986.427558577 1711.50962456 1481.96264468 -7644.17083494 1651.85334848 -4873.73429929 
1158.4276229 4160.4494199 7042.01667564 3303.92116105 -8270.20082274 -5928.91809495 1121.36898515 -2587.06494694 919.223507711 2418.63532844 3904.26559707 4037.16587804 611.650776234 -8891.59590334 -1841.42580334 -1157.91938081 1503.13649832 2459.07734046 3355.91937714 3481.55328485 5515.01009681 -13660.806396 1118.64001989 -3772.53022145 
294.68502807 7042.01667564 241590.765048 35122.1631461 -103121.898009 -92243.7744636 -33868.046056 -54815.9113699 14.9217152714 2033.6873008 8315.93300552 23558.0765332 180707.489317 -111546.471644 -63584.4816595 -39499.1545683 517.014938464 2741.66994577 6489.15330038 9469.84047985 21380.6143814 44837.8404487 -23614.6767747 -61821.4567199 
-2280.05321422 3303.92116105 35122.1631461 1268390.57537 -305632.525732 -481784.401746 -220617.613924 -296502.06506 -2401.42189691 -178.030406214 4501.97887704 36123.0785721 949045.038603 -385345.134202 -365100.769989 -236644.739558 -2490.73729318 -1436.01231039 941.062381655 7277.83782626 86778.1180715 246836.135474 31454.9772485 -369361.381399 
-8113.29143778 -8270.20082274 -103121.898009 -305632.525732 2627978.79608 -908318.477998 -555725.14098 -738797.261098 -6642.21784312 -6533.30333153 -15516.2257981 -25818.7899924 904921.066239 486031.269216 -743131.351327 -593310.447163 -7686.73228335 -10463.7695576 -19003.4626189 -36517.2995451 -12567.1971471 1210074.89354 -346904.48335 -776931.949036 
-5396.81485281 -5928.91809495 -92243.7744636 -481784.401746 -908318.477998 2252879.06727 -186317.262068 -572889.418044 -4181.11472733 -2492.7227998 -5156.39659147 -25676.8341105 -952569.761494 1283541.40761 131235.895184 -424700.473071 -4278.17623863 -2096.86161445 -3176.54968421 -10512.2735103 -29455.1761789 102433.44596 362346.802138 -415261.210872 
269.321141585 1121.36898515 -33868.046056 -220617.613924 -555725.14098 -186317.262068 1051920.11176 -56782.7388561 9.62401027588 2330.12223018 3345.64183869 4437.58308373 -457232.758242 -453155.427178 702541.996937 197723.21732 357.256611678 4478.55522691 9269.65223629 23561.4454706 -13704.688048 -703517.193304 -37593.0502706 717148.022078 
7484.0840962 -2587.06494694 -54815.9113699 -296502.06506 -738797.261098 -572889.418044 -56782.7388561 1714890.37528 6887.64668733 519.619209833 -454.528836414 -17301.13328 -619915.493261 -803615.111461 334542.410853 1099336.59009 7272.90220923 2436.52456886 1137.79744907 1527.38636925 -59428.6438203 -879360.144886 11539.9376401 914874.24047 
5393.33854677 919.223507711 14.9217152714 -2401.42189691 -6642.21784312 -4181.11472733 9.62401027588 6887.64668733 5210.57705892 1126.81233632 558.777456719 519.299497577 -4869.03930825 -6238.49647167 4713.68879936 -1021.61936898 4760.09221059 1521.90878978 779.694420212 953.792227103 1520.95099558 -7835.47838083 2149.4821414 -3850.44240382 
1901.99246828 2418.63532844 2033.6873008 -178.030406214 -6533.30333153 -2492.7227998 2330.12223018 519.619209833 1126.81233632 2609.37250113 2658.6098086 2024.8298176 -3180.30167671 -5450.24658548 862.329372593 -651.405574054 1484.07463168 2580.87679331 2498.51596808 2970.78962139 3540.04767429 -9398.14213925 -843.790235808 -2832.37231369 
1059.33190764 3904.26559707 8315.93300552 4501.97887704 -15516.2257981 -5156.39659147 3345.64183869 -454.528836414 558.777456719 2658.6098086 8659.68432989 8534.44623033 -6718.60158212 -16031.6155479 1013.8420257 1324.85727875 1294.22369118 3821.77175917 7822.8622718 10375.5896264 8507.9016539 -31346.9143166 1211.73511094 -1687.16979681 
640.853315737 4037.16587804 23558.0765332 36123.0785721 -25818.7899924 -25676.8341105 4437.58308373 -17301.13328 519.299497577 2024.8298176 8534.44623033 39016.1095025 20809.9225793 -49241.6221083 -11499.8053157 -10163.1802033 1154.20515819 3660.77240066 10282.9447149 25254.6843983 37416.4619096 -55128.7751503 -6800.45810734 -15839.8353239 
-5567.23193794 611.650776234 180707.489317 949045.038603 904921.066239 -952569.761494 -457232.758242 -619915.493261 -4869.03930825 -3180.30167671 -6718.60158212 20809.9225793 2577071.84141 -1243235.40673 -824967.078226 -514911.336465 -5618.84897023 -6630.61756336 -8174.90373946 -7395.60475923 146720.321857 1301243.32163 -578821.764873 -841321.903582 
-7018.93643725 -8891.59590334 -111546.471644 -385345.134202 486031.269216 1283541.40761 -453155.427178 -803615.111461 -6238.49647167 -5450.24658548 -16031.6155479 -49241.6221083 -1243235.40673 3025556.52705 -971661.634235 -733697.505369 -7578.87127638 -8000.78062449 -14850.6758593 -31987.8660876 -72120.9703247 1122846.68539 180797.14237 -1169104.66359 
5337.72580575 -1841.42580334 -63584.4816595 -365100.769989 -743131.351327 131235.895184 702541.996937 334542.410853 4713.68879936 862.329372593 1013.8420257 -11499.8053157 -824967.078226 -971661.634235 1947853.28949 -146314.631913 5460.24651947 2465.03264736 3531.02126878 9298.09769225 -66645.8087317 -1303005.84999 695811.299945 653085.960649 
-1747.07366898 -1157.91938081 -39499.1545683 -236644.739558 -593310.447163 -424700.473071 197723.21732 1099336.59009 -1021.61936898 -651.405574054 1324.85727875 -10163.1802033 -514911.336465 -733697.505369 -146314.631913 1405434.82161 -955.121964502 581.035797573 -1889.45904502 -9469.48271862 -58938.9050337 -1017374.84705 -293503.646351 1381550.42636 
4805.33555746 1503.13649832 517.014938464 -2490.73729318 -7686.73228335 -4278.17623863 357.256611678 7272.90220923 4760.09221059 1484.07463168 1294.22369118 1154.20515819 -5618.84897023 -7578.87127638 5460.24651947 -955.121964502 5262.35679341 1995.00224865 1576.4158363 1991.36664413 2184.40653878 -10065.1981177 1277.06155146 -4221.41149499 
1880.81640048 2459.07734046 2741.66994577 -1436.01231039 -10463.7695576 -2096.86161445 4478.55522691 2436.52456886 1521.90878978 2580.87679331 3821.77175917 3660.77240066 -6630.61756336 -8000.78062449 2465.03264736 581.035797573 1995.00224865 4696.72792434 4718.67510316 5593.96223509 4987.96934556 -16635.7558518 -1865.32884287 -3491.25216213 
986.427558577 3355.91937714 6489.15330038 941.062381655 -19003.4626189 -3176.54968421 9269.65223629 1137.79744907 779.694420212 2498.51596808 7822.8622718 10282.9447149 -8174.90373946 -14850.6758593 3531.02126878 -1889.45904502 1576.4158363 4718.67510316 14399.60532 21558.1584027 13255.6811772 -41133.9757494 -5803.52229354 -8571.0377964 
1711.50962456 3481.55328485 9469.84047985 7277.83782626 -36517.2995451 -10512.2735103 23561.4454706 1527.38636925 953.792227103 2970.78962139 10375.5896264 25254.6843983 -7395.60475923 -31987.8660876 9298.09769225 -9469.48271862 1991.36664413 5593.96223509 21558.1584027 56777.4957494 40968.4770896 -85407.2046344 -21056.4663616 -20425.7891249 
1481.96264468 5515.01009681 21380.6143814 86778.1180715 -12567.1971471 -29455.1761789 -13704.688048 -59428.6438203 1520.95099558 3540.04767429 8507.9016539 37416.4619096 146720.321857 -72120.9703247 -66645.8087317 -58938.9050337 2184.40653878 4987.96934556 13255.6811772 40968.4770896 236192.007803 -116903.066085 -77196.982083 -103488.493786 
-7644.17083494 -13660.806396 44837.8404487 246836.135474 1210074.89354 102433.44596 -703517.193304 -879360.144886 -7835.47838083 -9398.14213925 -31346.9143166 -55128.7751503 1301243.32163 1122846.68539 -1303005.84999 -1017374.84705 -10065.1981177 -16635.7558518 -41133.9757494 -85407.2046344 -116903.066085 3362055.64228 -1391337.46179 -1700572.98005 
1651.85334848 1118.64001989 -23614.6767747 31454.9772485 -346904.48335 362346.802138 -37593.0502706 11539.9376401 2149.4821414 -843.790235808 1211.73511094 -6800.45810734 -578821.764873 180797.14237 695811.299945 -293503.646351 1277.06155146 -1865.32884287 -5803.52229354 -21056.4663616 -77196.982083 -1391337.46179 1960521.86635 -464539.166534 
-4873.73429929 -3772.53022145 -61821.4567199 -369361.381399 -776931.949036 -415261.210872 717148.022078 914874.24047 -3850.44240382 -2832.37231369 -1687.16979681 -15839.8353239 -841321.903582 -1169104.66359 653085.960649 1381550.42636 -4221.41149499 -3491.25216213 -8571.0377964 -20425.7891249 -103488.493786 -1700572.98005 -464539.166534 2305310.13095 
1720652.43164 -718566.520007 -709918.792601 -221061.460117 -55679.9163717 -16095.0850265 -2388.93902608 3058.28150828 1576338.42701 -629437.96722 -660340.78561 -217583.019408 -54228.6354277 -15297.9435274 -55.5871310697 605.511313013 1014816.83692 -704968.246323 -263762.905034 -44607.1673476 -4159.86837359 533.417937479 2131.37261804 16.5596066505 
-718566.520007 980043.525299 -92903.5173692 -107402.109014 -36337.4702036 -14285.2564793 -4738.24434859 -5810.40787776 -611310.531855 875620.079591 -107994.491578 -102579.417979 -34203.8457051 -11990.5950494 -5905.81732634 -1635.38009765 -200431.79644 298247.675687 -29448.4868824 -35794.9054134 -18715.9809218 -7495.08594457 -5552.73141022 -808.688674787 
-709918.792601 -92903.5173692 594233.67715 170561.552362 32831.3173218 6762.1481491 543.235469954 -2109.62048275 -685015.834219 -62221.8765788 538760.279652 168456.443579 33641.0603642 7425.89844719 -701.855705191 -344.115539161 -565083.305541 354426.881694 178868.532628 30996.1622204 3571.95580796 -751.189774179 -1930.5607163 -98.4763190189 
-221061.460117 -107402.109014 170561.552362 113680.830572 32904.0096529 9541.00951606 1985.54773953 -209.380712598 -215094.992547 -117762.76949 185228.318023 107527.547311 30566.3122046 8509.64422836 879.961846498 145.978423977 -176365.907641 56922.6902174 81586.64014 28130.7394165 7731.5682153 1858.61977081 -39.8658312057 175.51571242 
-55679.9163717 -36337.4702036 32831.3173218 32904.0096529 17221.2759467 7046.09907793 1789.0695604 225.615015551 -52475.5604191 -40460.8981472 37606.6744352 33129.5564916 15385.8115576 5754.29026249 902.606276599 157.519542733 -48727.1927063 3202.7436478 23603.9093651 13072.9706917 5947.81065916 2273.09739205 473.832643597 152.828306856 
-16095.0850265 -14285.2564793 6762.1481491 9541.00951606 7046.09907793 5256.12809776 1508.70805242 266.24861254 -14118.2600895 -15012.1782712 7853.96470227 9515.71091861 6958.71567707 3869.66470409 775.265563229 157.116795491 -18143.1242166 -2638.70075714 7822.72692886 6236.20368837 3933.60592503 2069.91173348 560.454054908 158.922643131 
-2388.93902608 -4738.24434859 543.235469954 1985.54773953 1789.0695604 1508.70805242 974.488714705 326.133837665 -1730.48276279 -4846.33527869 873.172840667 1892.29468917 1715.97660116 1415.56547577 515.061288869 164.747145844 -5134.04052787 -1454.02596832 1808.49456925 1753.68403341 1381.40188533 1111.73838495 380.556936461 152.190686786 
3058.28150828 -5810.40787776 -2109.62048275 -209.380712598 225.615015551 266.24861254 326.133837665 4253.13009907 3407.23488123 -5878.05460461 -1987.13246388 -359.115603006 164.60472819 313.47545892 3590.3651874 748.62241575 -931.469843803 -3739.01819741 -478.911714666 212.312710644 309.506802578 399.490499972 3976.94170472 251.148037963 
1576338.42701 -611310.531855 -685015.834219 -215094.992547 -52475.5604191 -14118.2600895 -1730.48276279 3407.23488123 1732339.14382 -749571.727656 -685537.37443 -225810.658735 -56755.4916358 -15199.3441125 42.6484135414 492.804336716 1160998.97836 -812894.938436 -291793.485261 -49659.8003474 -7669.98861453 -804.254692524 1984.72833461 -161.239340966 
-629437.96722 875620.079591 -62221.8765788 -117762.76949 -40460.8981472 -15012.1782712 -4846.33527869 -5878.05460461 -749571.727656 1113177.38458 -162487.45235 -136905.656563 -41965.9633109 -14111.0666348 -6455.5285639 -1679.98950399 -477485.740352 542701.64795 -2917.65083892 -34149.7337612 -14995.0106442 -6580.44661708 -5721.50976191 -851.555974627 
-660340.78561 -107994.491578 538760.279652 185228.318023 37606.6744352 7853.96470227 873.172840667 -1987.13246388 -685537.37443 -162487.45235 605169.620162 194722.641313 39506.2424467 9018.05960387 -233.98249073 -157.754255648 -471900.022233 238221.201793 193593.465231 37117.047388 4503.50047647 -73.140096982 -1564.10199873 102.049440111 
-217583.019408 -102579.417979 168456.443579 107527.547311 33129.5564916 9515.71091861 1892.29468917 -359.115603006 -225810.658735 -136905.656563 194722.641313 122969.356944 34686.7616818 9316.46652708 925.339384871 95.7494478629 -149326.816988 37376.9272601 73705.3200046 28297.5197093 8043.63901414 1856.77186004 -89.6645231871 136.303663431 
-54228.6354277 -34203.8457051 33641.0603642 30566.3122046 15385.8115576 6958.71567707 1715.97660116 164.60472819 -56755.4916358 -41965.9633109 39506.2424467 34686.7616818 17398.2322329 6076.21973419 898.277398029 155.721453036 -42877.5297552 466.14041946 20708.9015089 12408.3327156 6034.76246926 2637.79794808 466.42967417 155.165019699 
-15297.9435274 -11990.5950494 7425.89844719 8509.64422836 5754.29026249 3869.66470409 1415.56547577 313.47545892 -15199.3441125 -14111.0666348 9018.05960387 9316.46652708 6076.21973419 3897.31123392 830.845396417 171.508251821 -14946.7822047 -1866.84555981 5980.91683542 4813.43779533 3174.71268025 2100.9289521 579.159695645 164.471805785 
-55.5871310697 -5905.81732634 -701.855705191 879.961846498 902.606276599 775.265563229 515.061288869 3590.3651874 42.6484135414 -6455.5285639 -233.98249073 925.339384871 898.277398029 830.845396417 3366.86615108 625.534310692 -3533.39681611 -3186.39786705 541.67357558 908.8495871 695.02519891 687.271068348 3616.83717795 270.138075273 
605.511313013 -1635.38009765 -344.115539161 145.978423977 157.519542733 157.116795491 164.747145844 748.62241575 492.804336716 -1679.98950399 -157.754255648 95.7494478629 155.721453036 171.508251821 625.534310692 296.425959511 -928.690008146 -817.735559907 180.858944379 264.346913242 213.35941966 175.07157802 728.121401458 184.667311295 
1014816.83692 -200431.79644 -565083.305541 -176365.907641 -48727.1927063 -18143.1242166 -5134.04052787 -931.469843803 1160998.97836 -477485.740352 -471900.022233 -149326.816988 -42877.5297552 -14946.7822047 -3533.39681611 -928.690008146 1827222.79165 -1240025.42673 -445824.704343 -93814.2092237 -33389.6865075 -9717.29610593 -3117.89394562 -1333.57479251 
-704968.246323 298247.675687 354426.881694 56922.6902174 3202.7436478 -2638.70075714 -1454.02596832 -3739.01819741 -812894.938436 542701.64795 238221.201793 37376.9272601 466.14041946 -1866.84555981 -3186.39786705 -817.735559907 -1240025.42673 1136029.60605 123148.849146 -4878.96381423 -7382.73102525 -3164.09476326 -3465.94166816 -261.297192101 
-263762.905034 -29448.4868824 178868.532628 81586.64014 23603.9093651 7822.72692886 1808.49456925 -478.911714666 -291793.485261 -2917.65083892 193593.465231 73705.3200046 20708.9015089 5980.91683542 541.67357558 180.858944379 -445824.704343 123148.849146 260323.784355 47383.2458552 11529.7043286 2984.5736624 112.721843178 341.825153212 
-44607.1673476 -35794.9054134 30996.1622204 28130.7394165 13072.9706917 6236.20368837 1753.68403341 212.312710644 -49659.8003474 -34149.7337612 37117.047388 28297.5197093 12408.3327156 4813.43779533 908.8495871 264.346913242 -93814.2092237 -4878.96381423 47383.2458552 33036.7489172 13935.8773523 3298.80199365 708.057944089 330.440975589 
-4159.86837359 -18715.9809218 3571.95580796 7731.5682153 5947.81065916 3933.60592503 1381.40188533 309.506802578 -7669.98861453 -14995.0106442 4503.50047647 8043.63901414 6034.76246926 3174.71268025 695.02519891 213.35941966 -33389.6865075 -7382.73102525 11529.7043286 13935.8773523 11272.3866838 3115.55555126 674.477311267 244.416305529 
533.417937479 -7495.08594457 -751.189774179 1858.61977081 2273.09739205 2069.91173348 1111.73838495 399.490499972 -804.254692524 -6580.44661708 -73.140096982 1856.77186004 2637.79794808 2100.9289521 687.271068348 175.07157802 -9717.29610593 -3164.09476326 2984.5736624 3298.80199365 3115.55555126 2631.40601115 663.639710396 187.413940334 
2131.37261804 -5552.73141022 -1930.5607163 -39.8658312057 473.832643597 560.454054908 380.556936461 3976.94170472 1984.72833461 -5721.50976191 -1564.10199873 -89.6645231871 466.42967417 579.159695645 3616.83717795 728.121401458 -3117.89394562 -3465.94166816 112.721843178 708.057944089 674.477311267 663.639710396 4119.82389837 305.114906485 
16.5596066505 -808.688674787 -98.4763190189 175.51571242 152.828306856 158.922643131 152.190686786 251.148037963 -161.239340966 -851.555974627 102.049440111 136.303663431 155.165019699 164.471805785 270.138075273 184.667311295 -1333.57479251 -261.297192101 341.825153212 330.440975589 244.416305529 187.413940334 305.114906485 185.660703466 
144125.858589 96123.5320241 -109484.216326 -113169.40337 -19860.3593893 -1023.74173261 2770.93161559 517.398589243 42246.9342937 41383.5106662 56877.6925466 -105948.800573 -40033.0852577 2089.57090814 1224.10830883 2160.06910732 34082.6149051 13151.2393855 -51918.3854852 18092.3706123 -47595.9239869 17039.3389907 13242.7719726 3905.9736058 
96123.5320241 637337.299619 -163414.214418 -410617.906495 -98069.5089465 -37230.1844765 -14867.6761672 -9261.34113968 14791.8430959 165443.632219 361519.886827 -317871.521384 -202055.704015 -16332.6932014 -3104.40820871 -2391.03533373 23973.996325 29709.3025262 66663.6936611 107263.76496 -207643.80518 -26353.444769 9041.5942606 -2655.10178345 
-109484.216326 -163414.214418 1173867.03813 -406024.228729 -256425.811641 -146708.079786 -62945.1512492 -28865.3359782 -40710.1154156 -76198.8967391 252419.702319 352975.539742 -349632.042902 -92446.052289 -32121.4697542 -14286.6649613 -55560.4082816 -65907.1966929 150594.025059 60713.2261421 -21065.2115502 -27170.3768346 -23166.8396098 -18437.2182326 
-113169.40337 -410617.906495 -406024.228729 1072242.44248 7620.15588966 -80508.4175183 -44633.9329521 -24908.709309 -38607.3459488 -144418.265329 -387532.865738 283679.669614 385660.394249 -58888.3567002 -24988.6579997 -14904.5721475 -48921.5432755 -61178.671761 -122879.861059 -105625.009937 378877.961351 8686.62500327 -31485.9069671 -17473.5933544 
-19860.3593893 -98069.5089465 -256425.811641 7620.15588966 264158.897315 86134.7561693 15928.7293716 513.141231001 2594.09767229 -11945.1426416 -148386.001774 -65675.2089012 160148.141335 51586.0513321 12524.3339749 -846.27099701 20522.1877601 27104.9763567 -29168.8462156 -3936.50486016 -31324.5460926 7466.69878981 7669.40553134 1666.62873044 
-1023.74173261 -37230.1844765 -146708.079786 -80508.4175183 86134.7561693 135347.990619 37546.0254887 6441.65123649 10309.1291052 13419.0315236 -83751.9326278 -85966.9166047 53452.8969188 72199.8236256 17713.574114 2624.39394536 15343.9802684 22413.4667266 -4721.14787687 -34144.1938789 -24028.4607242 9896.38611418 11115.4828821 4124.48648879 
2770.93161559 -14867.6761672 -62945.1512492 -44633.9329521 15928.7293716 37546.0254887 49258.7815648 16942.2923278 5627.33425882 7885.73061366 -37864.2992136 -37597.0995669 522.936771429 32618.9858507 19767.5499925 9038.86129339 6111.76437795 18384.9720484 -565.977615743 -24295.9797131 -28720.1054209 8601.06894603 9241.01658674 11243.2407907 
517.398589243 -9261.34113968 -28865.3359782 -24908.709309 513.141231001 6441.65123649 16942.2923278 38620.9030423 3748.12293858 4430.39968671 -13282.1823398 -23595.6623268 -8063.53709849 9172.67047399 8984.96957243 18605.2190934 4447.4079206 16321.9114105 -8003.50046833 -18067.6733244 -18499.908396 1833.70375958 4342.47534338 17625.5837547 
42246.9342937 14791.8430959 -40710.1154156 -38607.3459488 2594.09767229 10309.1291052 5627.33425882 3748.12293858 47581.1400501 38287.5034214 -29237.7410971 -56528.545984 -11720.8256758 5532.50669572 2683.73909721 3402.22349252 47850.4675625 33708.6722498 -22991.7827656 -43795.0161237 -26744.8634537 5010.52389103 3892.49555201 3069.50308763 
41383.5106662 165443.632219 -76198.8967391 -144418.265329 -11945.1426416 13419.0315236 7885.73061366 4430.39968671 38287.5034214 262738.365907 37774.712145 -251723.619898 -105748.39898 10071.6165634 5103.72214067 3496.09870015 67523.4882819 177881.379272 98672.9792776 -176419.023498 -168565.546003 -11711.6917211 8721.49836843 3896.91602172 
56877.6925466 361519.886827 252419.702319 -387532.865738 -148386.001774 -83751.9326278 -37864.2992136 -13282.1823398 -29237.7410971 37774.712145 1031904.62205 -420617.907381 -508223.286438 -79945.3783789 -22752.104195 -8902.91670909 -17555.76119 60729.8608747 553837.010883 193663.06105 -605396.790222 -148974.724304 -24846.7954339 -11455.8616576 
-105948.800573 -317871.521384 352975.539742 283679.669614 -65675.2089012 -85966.9166047 -37597.0995669 -23595.6623268 -56528.545984 -251723.619898 -420617.907381 1178738.35795 -283190.784824 -107272.938566 -36888.0673695 -22516.4939308 -93821.4578504 -184845.004501 -202703.073983 330671.278329 270604.773515 -46541.5745559 -45674.6028306 -27690.3381225 
-40033.0852577 -202055.704015 -349632.042902 385660.394249 160148.141335 53452.8969188 522.936771429 -8063.53709849 -11720.8256758 -105748.39898 -508223.286438 -283190.784824 873852.752282 47186.0612303 -2525.63939494 -9629.87820043 -28958.1570174 -112441.681462 -365824.98814 -210454.604594 567461.030588 152462.752117 8081.63403586 -10325.9855271 
2089.57090814 -16332.6932014 -92446.052289 -58888.3567002 51586.0513321 72199.8236256 32618.9858507 9172.67047399 5532.50669572 10071.6165634 -79945.3783789 -107272.938566 47186.0612303 99707.7827096 21203.7000378 3516.64970848 16759.2445301 16032.9478121 -35454.3126204 -59603.8328463 -6359.96586118 37154.0862589 25918.1370118 5553.695715 
1224.10830883 -3104.40820871 -32121.4697542 -24988.6579997 12524.3339749 17713.574114 19767.5499925 8984.96957243 2683.73909721 5103.72214067 -22752.104195 -36888.0673695 -2525.63939494 21203.7000378 25538.5602408 7636.089443 5771.69560927 5023.9682426 -14014.432757 -19246.7948931 -18051.7428552 10235.2926553 17352.6969927 12929.3170055 
2160.06910732 -2391.03533373 -14286.6649613 -14904.5721475 -846.27099701 2624.39394536 9038.86129339 18605.2190934 3402.22349252 3496.09870015 -8902.91670909 -22516.4939308 -9629.87820043 3516.64970848 7636.089443 22998.2274962 2430.48007401 3909.85751122 -11521.3998943 -14815.0674232 -12946.8957079 2365.33565908 6554.93630376 24022.7534774 
34082.6149051 23973.996325 -55560.4082816 -48921.5432755 20522.1877601 15343.9802684 6111.76437795 4447.4079206 47850.4675625 67523.4882819 -17555.76119 -93821.4578504 -28958.1570174 16759.2445301 5771.69560927 2430.48007401 192977.970075 141650.358825 -62923.2230214 -147262.766323 -107973.771784 -15587.8841754 -969.802117735 89.1185219494 
13151.2393855 29709.3025262 -65907.1966929 -61178.671761 27104.9763567 22413.4667266 18384.9720484 16321.9114105 33708.6722498 177881.379272 60729.8608747 -184845.004501 -112441.681462 16032.9478121 5023.9682426 3909.85751122 141650.358825 454111.248136 67596.677993 -335977.86754 -280680.716636 -44983.9092048 -2360.12310075 644.33152759 
-51918.3854852 66663.6936611 150594.025059 -122879.861059 -29168.8462156 -4721.14787687 -565.977615743 -8003.50046833 -22991.7827656 98672.9792776 553837.010883 -202703.073983 -365824.98814 -35454.3126204 -14014.432757 -11521.3998943 -62923.2230214 67596.677993 952331.145932 -139358.628161 -619466.651953 -150918.284283 -32171.3745399 -15089.6619673 
18092.3706123 107263.76496 60713.2261421 -105625.009937 -3936.50486016 -34144.1938789 -24295.9797131 -18067.6733244 -43795.0161237 -176419.023498 193663.06105 330671.278329 -210454.604594 -59603.8328463 -19246.7948931 -14815.0674232 -147262.766323 -335977.86754 -139358.628161 1222296.07122 -388085.507684 -145448.334324 -46597.8380564 -19565.1291316 
-47595.9239869 -207643.80518 -21065.2115502 378877.961351 -31324.5460926 -24028.4607242 -28720.1054209 -18499.908396 -26744.8634537 -168565.546003 -605396.790222 270604.773515 567461.030588 -6359.96586118 -18051.7428552 -12946.8957079 -107973.771784 -280680.716636 -619466.651953 -388085.507684 1391112.04909 40142.4184286 -19768.9268799 -15278.892577 
17039.3389907 -26353.444769 -27170.3768346 8686.62500327 7466.69878981 9896.38611418 8601.06894603 1833.70375958 5010.52389103 -11711.6917211 -148974.724304 -46541.5745559 152462.752117 37154.0862589 10235.2926553 2365.33565908 -15587.8841754 -44983.9092048 -150918.284283 -145448.334324 40142.4184286 280845.137115 30411.1667535 5539.68969018 
13242.7719726 9041.5942606 -23166.8396098 -31485.9069671 7669.40553134 11115.4828821 9241.01658674 4342.47534338 3892.49555201 8721.49836843 -24846.7954339 -45674.6028306 8081.63403586 25918.1370118 17352.6969927 6554.93630376 -969.802117735 -2360.12310075 -32171.3745399 -46597.8380564 -19768.9268799 30411.1667535 59254.1603732 12202.7375682 
3905.9736058 -2655.10178345 -18437.2182326 -17473.5933544 1666.62873044 4124.48648879 11243.2407907 17625.5837547 3069.50308763 3896.91602172 -11455.8616576 -27690.3381225 -10325.9855271 5553.695715 12929.3170055 24022.7534774 89.1185219494 644.33152759 -15089.6619673 -19565.1291316 -15278.892577 5539.68969018 12202.7375682 31457.806368 
5808.42391652 5799.65938726 3315.4687023 -7378.60144974 -10552.7125717 -664.990946931 2740.5235409 932.229421437 5493.92518225 5000.68647828 3137.74269162 -6174.08108454 -11302.2299823 96.3875783939 3250.70833282 496.860803438 7196.25957502 4493.25842134 156.031352898 -8854.10962568 1112.15633132 -7073.52769368 1900.01071879 1069.92091999 
5799.65938726 29126.8974548 25328.2802854 -19122.6746075 -36528.914109 -10376.6210917 2843.48580095 2929.88687974 5507.92658838 23502.271138 22988.6867808 -9764.1120498 -50564.8756794 -2090.07223946 8265.23495324 2154.94050825 11270.0308795 24327.5833808 13009.4140239 -23639.1682455 -10397.1548813 -23631.734393 5712.25818922 3348.77104639 
3315.4687023 25328.2802854 392431.821912 3789.88725723 -262622.206383 -137657.556373 -22458.3353455 -2127.36005482 1966.96246677 16859.6903118 89746.7100821 37180.3471798 -41808.0578885 -102027.847481 -1280.66928766 -637.135383348 5588.65801504 34877.7154579 31169.9854395 -109846.286452 -109601.30344 46936.2017096 100351.254949 523.774321298 
-7378.60144974 -19122.6746075 3789.88725723 1393823.56573 -593318.709988 -608399.652179 -140433.595837 -28960.2189278 -9477.15536439 -21305.8893549 45125.5429242 538606.306698 -9284.14488631 -447918.266307 -77710.1681755 -18036.2255349 -14695.8907101 42470.4265942 148099.227561 -118866.096051 -342924.156699 295744.47163 857.854891421 -10685.8372151 
-10552.7125717 -36528.914109 -262622.206383 -593318.709988 1392550.32225 -344331.450026 -115568.202313 -29628.1268566 -9436.66228957 -28038.0113883 -99239.3871377 76673.608495 476969.009752 -328640.128671 -67192.8101687 -21095.6185917 -13832.3382569 -40858.7331313 92938.4195725 465251.133609 49029.6665228 -397578.77618 -135188.307119 -19761.0650163 
-664.990946931 -10376.6210917 -137657.556373 -608399.652179 -344331.450026 958997.580399 134306.754225 8125.93599374 -567.095355095 -4485.6510568 -61720.7310719 -495406.527588 -211407.127149 724017.106258 44668.9848836 4901.04107941 -3773.62882133 -60730.7741691 -230185.587694 -146644.257473 374655.035381 79468.9473538 -15368.8847597 2579.15018166 
2740.5235409 2843.48580095 -22458.3353455 -140433.595837 -115568.202313 134306.754225 116520.860322 22048.5096065 4609.40070678 4705.59390207 -4137.33228527 -117050.957135 -116987.581541 146696.443466 68801.8783764 13362.5545094 5598.29477131 -7056.54958084 -47146.3451259 -38769.0354535 33109.1313895 15324.4708563 29601.7016527 9338.33149044 
932.229421437 2929.88687974 -2127.36005482 -28960.2189278 -29628.1268566 8125.93599374 22048.5096065 26679.1439378 1902.69806486 3761.30996983 4098.76801634 -24064.5845158 -35614.9926257 9866.37739527 21196.8410858 18853.5826094 2648.61454744 2477.07302707 -8041.14512979 -18632.180308 5016.6253957 -9190.05328211 12134.1114782 13586.9542716 
5493.92518225 5507.92658838 1966.96246677 -9477.15536439 -9436.66228957 -567.095355095 4609.40070678 1902.69806486 6649.26211697 5753.54587043 3794.35684111 -4490.03022538 -14649.0207093 -1896.08840632 3967.59907131 870.375441141 8399.64481792 4765.25269432 1444.54740823 -8786.20499018 -503.618517588 -7361.76370142 1359.66797287 682.474315852 
5000.68647828 23502.271138 16859.6903118 -21305.8893549 -28038.0113883 -4485.6510568 4705.59390207 3761.30996983 5753.54587043 25829.7812427 23940.0877102 -5967.71156917 -53555.0930117 -4536.23601445 6764.91923801 1770.70653398 11249.3175989 22803.2619359 12344.9856151 -21037.1532086 -7443.85737539 -23201.8526225 3409.11512949 1876.18292706 
3137.74269162 22988.6867808 89746.7100821 45125.5429242 -99239.3871377 -61720.7310719 -4137.33228527 4098.76801634 3794.35684111 23940.0877102 128375.363228 104329.591041 -209200.716295 -56289.3435263 2961.37806914 2089.28293126 7883.18955859 50265.2978967 121773.450746 -16982.9128702 -47465.0620698 -108492.465927 -8791.44387414 1809.94653963 
-6174.08108454 -9764.1120498 37180.3471798 538606.306698 76673.608495 -495406.527588 -117050.957135 -24064.5845158 -4490.03022538 -5967.71156917 104329.591041 1239627.1263 -782384.637215 -459727.579867 -73744.1488854 -17642.6095813 -3837.12553436 123615.611515 570562.699138 361052.968451 -312991.13798 -606290.696975 -116709.735584 -15402.5830302 
-11302.2299823 -50564.8756794 -41808.0578885 -9284.14488631 476969.009752 -211407.127149 -116987.581541 -35614.9926257 -14649.0207093 -53555.0930117 -209200.716295 -782384.637215 1495006.80534 -316838.172559 -91443.8843652 -26935.2811874 -27049.8321398 -153788.827681 -476624.171172 -56874.1215174 88158.9412414 600238.316377 47694.183573 -21754.4886815 
96.3875783939 -2090.07223946 -102027.847481 -447918.266307 -328640.128671 724017.106258 146696.443466 9866.37739527 -1896.08840632 -4536.23601445 -56289.3435263 -459727.579867 -316838.172559 766750.162994 65750.8341166 6786.42326289 -4761.13214041 -50638.523721 -198170.138257 -188391.308016 261223.48089 145097.08069 29210.2427408 6430.29781332 
3250.70833282 8265.23495324 -1280.66928766 -77710.1681755 -67192.8101687 44668.9848836 68801.8783764 21196.8410858 3967.59907131 6764.91923801 2961.37806914 -73744.1488854 -91443.8843652 65750.8341166 70687.3196495 15055.9831061 6661.26472076 2053.1704951 -24459.9709496 -54596.1021072 14509.2025119 8642.63617609 35406.7945628 11783.0045901 
496.860803438 2154.94050825 -637.135383348 -18036.2255349 -21095.6185917 4901.04107941 13362.5545094 18853.5826094 870.375441141 1770.70653398 2089.28293126 -17642.6095813 -26935.2811874 6786.42326289 15055.9831061 18005.1194933 1454.6731184 924.756864604 -6871.40252829 -14385.1657416 4512.05129911 -8631.25401729 8421.17547942 14575.1655256 
7196.25957502 11270.0308795 5588.65801504 -14695.8907101 -13832.3382569 -3773.62882133 5598.29477131 2648.61454744 8399.64481792 11249.3175989 7883.18955859 -3837.12553436 -27049.8321398 -4761.13214041 6661.26472076 1454.6731184 14315.45439 14763.6785063 11948.3745271 -16002.4719337 -7909.02548492 -19200.8309198 876.554197259 1208.26671777 
4493.25842134 24327.5833808 34877.7154579 42470.4265942 -40858.7331313 -60730.7741691 -7056.54958084 2477.07302707 4765.25269432 22803.2619359 50265.2978967 123615.611515 -153788.827681 -50638.523721 2053.1704951 924.756864604 14763.6785063 132930.470332 190990.914672 -100428.224951 -98976.5252447 -125806.164718 -13300.2459587 -173.902637144 
156.031352898 13009.4140239 31169.9854395 148099.227561 92938.4195725 -230185.587694 -47146.3451259 -8041.14512979 1444.54740823 12344.9856151 121773.450746 570562.699138 -476624.171172 -198170.138257 -24459.9709496 -6871.40252829 11948.3745271 190990.914672 810501.171517 -101521.489407 -368127.930381 -461275.029466 -72613.4816522 -9902.529811 
-8854.10962568 -23639.1682455 -109846.286452 -118866.096051 465251.133609 -146644.257473 -38769.0354535 -18632.180308 -8786.20499018 -21037.1532086 -16982.9128702 361052.968451 -56874.1215174 -188391.308016 -54596.1021072 -14385.1657416 -16002.4719337 -100428.224951 -101521.489407 1308015.91501 -181472.057269 -757430.114354 -133441.795354 -17719.7617406 
1112.15633132 -10397.1548813 -109601.30344 -342924.156699 49029.6665228 374655.035381 33109.1313895 5016.6253957 -503.618517588 -7443.85737539 -47465.0620698 -312991.13798 88158.9412414 261223.48089 14509.2025119 4512.05129911 -7909.02548492 -98976.5252447 -368127.930381 -181472.057269 895162.461871 -193742.860434 -47965.6048144 3031.54175663 
-7073.52769368 -23631.734393 46936.2017096 295744.47163 -397578.77618 79468.9473538 15324.4708563 -9190.05328211 -7361.76370142 -23201.8526225 -108492.465927 -606290.696975 600238.316377 145097.08069 8642.63617609 -8631.25401729 -19200.8309198 -125806.164718 -461275.029466 -757430.114354 -193742.860434 1570442.0381 -6442.43142939 -6544.60677836 
1900.01071879 5712.25818922 100351.254949 857.854891421 -135188.307119 -15368.8847597 29601.7016527 12134.1114782 1359.66797287 3409.11512949 -8791.44387414 -116709.735584 47694.183573 29210.2427408 35406.7945628 8421.17547942 876.554197259 -13300.2459587 -72613.4816522 -133441.795354 -47965.6048144 -6442.43142939 260942.682993 11944.3220185 
1069.92091999 3348.77104639 523.774321298 -10685.8372151 -19761.0650163 2579.15018166 9338.33149044 13586.9542716 682.474315852 1876.18292706 1809.94653963 -15402.5830302 -21754.4886815 6430.29781332 11783.0045901 14575.1655256 1208.26671777 -173.902637144 -9902.529811 -17719.7617406 3031.54175663 -6544.60677836 11944.3220185 18156.6704742 
7755.09947942 8865.37440071 4056.8349147 301.175310493 -5840.81314959 -4324.66671557 -15140.0038126 4326.99957242 7659.62412393 7560.12302334 3351.59964414 1694.05766244 624.468921249 -5002.0277802 -14006.2153477 -1881.63024722 7203.88315804 8185.14140293 3054.7445644 592.248615589 -2335.27422208 -4941.2062348 3966.39734813 -15725.9346322 
8865.37440071 28501.9759131 17782.2524939 4633.97258451 -12989.0210902 -11241.8914641 -31405.3968321 -4147.26600576 8830.31590418 22964.9495685 12982.2337994 7952.31175052 4234.26060712 -3613.62508775 -39939.3873571 -13411.0591848 8747.35421781 24622.0569113 12117.7434168 4327.9171067 -3235.30219615 -9331.58209562 6523.76245816 -43771.949819 
4056.8349147 17782.2524939 27068.5846132 14496.4310352 -15127.1862033 -11902.6876822 -33627.0287979 -2747.2003736 3970.57544882 12853.3074455 19876.5699435 18777.3488151 12724.4343632 2081.91760985 -50520.5686657 -19763.5849604 5282.82232884 15808.0188599 19149.5812071 13810.7577272 4171.73894475 -2881.95146928 9363.77375341 -64704.7413519 
301.175310493 4633.97258451 14496.4310352 358509.972463 -797.23234229 -84866.7899234 -160765.633331 -131511.895797 5.42808270682 2948.5881694 12431.4455165 19731.949783 30706.3173813 339104.856215 -220609.932348 -184318.6528 657.348691954 4817.12313975 12902.8094137 10920.1399284 -6990.30814906 -24941.9749407 34627.3447158 -31992.4827999 
-5840.81314959 -12989.0210902 -15127.1862033 -797.23234229 1243067.26039 -134277.189939 -579000.756026 -495035.061638 -6422.09225816 -11730.0875696 -13136.518755 -14744.7475688 -19501.1237765 226491.413337 506240.768297 -667197.611707 -7775.03157538 -13696.8051061 -15852.6800776 -26994.4749504 -77152.2781981 -101383.90986 -196258.136308 439113.316076 
-4324.66671557 -11241.8914641 -11902.6876822 -84866.7899234 -134277.189939 1184189.2699 -350891.822634 -586684.221543 -4754.14628774 -9428.21946935 -12111.8804958 -5482.01143707 3643.99751174 -16898.0301367 593547.987599 -548517.697284 -7075.10508736 -9377.93431986 -12449.0471633 1455.81857453 19795.358401 30757.4054147 -54331.8764741 31225.3806544 
-15140.0038126 -31405.3968321 -33627.0287979 -160765.633331 -579000.756026 -350891.822634 1818577.58925 -647746.947812 -14129.9778507 -25603.5870547 -28072.7691032 -25351.9138365 -17999.1744834 -197278.366852 174842.415321 133593.37386 -14124.262178 -29661.5057355 -23016.1386694 2608.52390686 82344.6474398 171229.835355 121577.749319 -310958.849438 
4326.99957242 -4147.26600576 -2747.2003736 -131511.895797 -495035.061638 -586684.221543 -647746.947812 1863545.5936 4840.27283699 434.92588686 4679.31945041 -2576.9951688 -14433.1805248 -344886.137305 -949555.067499 1301496.86232 7082.99044412 -696.095152399 4092.98730825 -6720.93090881 -16598.5820201 -58506.6161692 74530.9851876 -3184.73868942 
7659.62412393 8830.31590418 3970.57544882 5.42808270682 -6422.09225816 -4754.14628774 -14129.9778507 4840.27283699 8673.44443957 8866.05308811 3979.62219759 2008.82573572 907.857929049 -6565.80212619 -14666.5884087 -3203.41285519 8296.25925343 9285.53917591 3567.15060938 1158.41251907 -1692.71169944 -3356.49161086 4521.68403416 -21779.8422817 
7560.12302334 22964.9495685 12853.3074455 2948.5881694 -11730.0875696 -9428.21946935 -25603.5870547 434.92588686 8866.05308811 24238.1300078 12571.3914883 6983.7521915 4876.11216777 -10321.4659245 -36539.3175989 -10674.6554201 8755.65067683 24517.6908044 11836.0340409 5022.96341104 -1390.8902776 -5561.3701083 5069.4908052 -48249.5693525 
3351.59964414 12982.2337994 19876.5699435 12431.4455165 -13136.518755 -12111.8804958 -28072.7691032 4679.31945041 3979.62219759 12571.3914883 20526.2401977 18076.8618383 13814.5216099 -1047.9344449 -48507.7199455 -19412.9829413 5287.41082 15444.4501568 19366.2426146 14988.6678938 7423.82755778 3075.51189851 9973.14590472 -75559.2568462 
1694.05766244 7952.31175052 18777.3488151 19731.949783 -14744.7475688 -5482.01143707 -25351.9138365 -2576.9951688 2008.82573572 6983.7521915 18076.8618383 30975.7203688 32919.5997977 13915.6991242 -62402.0435973 -42478.4154588 3386.52203515 11153.9292535 22751.5224645 29607.6116077 27332.0950532 23278.3696315 19037.4714825 -136547.521528 
624.468921249 4234.26060712 12724.4343632 30706.3173813 -19501.1237765 3643.99751174 -17999.1744834 -14433.1805248 907.857929049 4876.11216777 13814.5216099 32919.5997977 71247.3696586 61995.8819896 -96006.5590786 -89754.784074 2235.00854804 8583.23902109 25186.7642284 48113.3697189 69529.8261104 76228.79602 36916.1397955 -266793.143442 
-5002.0277802 -3613.62508775 2081.91760985 339104.856215 226491.413337 -16898.0301367 -197278.366852 -344886.137305 -6565.80212619 -10321.4659245 -1047.9344449 13915.6991242 61995.8819896 907460.978303 -370963.514665 -594473.842256 -6372.0555419 -9314.46357492 6465.39541782 40344.4360215 101068.891975 287639.113596 120747.091867 -540578.409761 
-14006.2153477 -39939.3873571 -50520.5686657 -220609.932348 506240.768297 593547.987599 174842.415321 -949555.067499 -14666.5884087 -36539.3175989 -48507.7199455 -62402.0435973 -96006.5590786 -370963.514665 2139093.26437 -1510007.52107 -16363.0505343 -42310.0767288 -59010.4540329 -59293.2731946 -13957.511902 -12517.5966449 52628.6586485 150823.304389 
-1881.63024722 -13411.0591848 -19763.5849604 -184318.6528 -667197.611707 -548517.697284 133593.37386 1301496.86232 -3203.41285519 -10674.6554201 -19412.9829413 -42478.4154588 -89754.784074 -594473.842256 -1510007.52107 2270005.61408 -5225.74525726 -17360.308108 -30162.6553426 -79942.1879774 -188313.526818 -368786.332782 -248893.682538 938684.438822 
7203.88315804 8747.35421781 5282.82232884 657.348691954 -7775.03157538 -7075.10508736 -14124.262178 7082.99044412 8296.25925343 8755.65067683 5287.41082 3386.52203515 2235.00854804 -6372.0555419 -16363.0505343 -5225.74525726 9449.27239472 9764.24087698 4740.95183632 2412.6743991 -555.942970934 -2227.81895077 7459.29904806 -31042.6766335 
8185.14140293 24622.0569113 15808.0188599 4817.12313975 -13696.8051061 -9377.93431986 -29661.5057355 -696.095152399 9285.53917591 24517.6908044 15444.4501568 11153.9292535 8583.23902109 -9314.46357492 -42310.0767288 -17360.308108 9764.24087698 28886.0222153 16353.1131759 9221.71613265 2635.51615937 -3629.10417371 6618.18264835 -69849.6870348 
3054.7445644 12117.7434168 19149.5812071 12902.8094137 -15852.6800776 -12449.0471633 -23016.1386694 4092.98730825 3567.15060938 11836.0340409 19366.2426146 22751.5224645 25186.7642284 6465.39541782 -59010.4540329 -30162.6553426 4740.95183632 16353.1131759 28203.4599613 29285.2051601 25581.5948484 16383.5270698 7787.38232159 -128335.234373 
592.248615589 4327.9171067 13810.7577272 10920.1399284 -26994.4749504 1455.81857453 2608.52390686 -6720.93090881 1158.41251907 5022.96341104 14988.6678938 29607.6116077 48113.3697189 40344.4360215 -59293.2731946 -79942.1879774 2412.6743991 9221.71613265 29285.2051601 63821.582771 91728.1375809 67797.251412 11312.9571759 -275579.524632 
-2335.27422208 -3235.30219615 4171.73894475 -6990.30814906 -77152.2781981 19795.358401 82344.6474398 -16598.5820201 -1692.71169944 -1390.8902776 7423.82755778 27332.0950532 69529.8261104 101068.891975 -13957.511902 -188313.526818 -555.942970934 2635.51615937 25581.5948484 91728.1375809 243590.44927 234010.210546 7888.42954079 -604878.394974 
-4941.2062348 -9331.58209562 -2881.95146928 -24941.9749407 -101383.90986 30757.4054147 171229.835355 -58506.6161692 -3356.49161086 -5561.3701083 3075.51189851 23278.3696315 76228.79602 287639.113596 -12517.5966449 -368786.332782 -2227.81895077 -3629.10417371 16383.5270698 67797.251412 234010.210546 629248.523492 132669.548123 -1074252.13752 
3966.39734813 6523.76245816 9363.77375341 34627.3447158 -196258.136308 -54331.8764741 121577.749319 74530.9851876 4521.68403416 5069.4908052 9973.14590472 19037.4714825 36916.1397955 120747.091867 52628.6586485 -248893.682538 7459.29904806 6618.18264835 7787.38232159 11312.9571759 7888.42954079 132669.548123 621981.977305 -795717.776163 
-15725.9346322 -43771.949819 -64704.7413519 -31992.4827999 439113.316076 31225.3806544 -310958.849438 -3184.73868942 -21779.8422817 -48249.5693525 -75559.2568462 -136547.521528 -266793.143442 -540578.409761 150823.304389 938684.438822 -31042.6766335 -69849.6870348 -128335.234373 -275579.524632 -604878.394974 -1074252.13752 -795717.776163 2979655.43133 
1064221.99506 -121992.094115 -534322.946845 -258906.615111 -84533.990889 -28964.6582986 -13088.5767653 -22413.1130326 739213.650635 76048.1067686 -308411.174295 -379465.911776 -69779.0787368 -25381.2241748 -10549.8950769 -21674.4733448 744775.126418 -34194.8402932 -320061.070112 -126545.77732 -95316.7667012 -136102.52744 -11288.5765669 -21265.5679847 
-121992.094115 973501.159886 -418436.974349 -262741.884482 -87170.5716613 -35106.393078 -20651.1162775 -27402.1259236 -42741.5868753 775480.949991 -152677.621439 -451163.514638 -59797.5035489 -29814.4792355 -16599.88591 -22686.3583439 73377.0640074 546959.259725 -189608.381433 -90266.7682328 -110516.557928 -199881.384446 -12135.8743802 -17927.3573128 
-534322.946845 -418436.974349 1203892.30634 -38014.7489391 -86195.2900721 -45543.2292269 -30473.5933599 -50905.5235498 -428200.104745 -429867.950391 356733.424004 665306.104193 -48339.7327693 -41597.1464035 -29380.8627839 -44653.7311038 -498048.530196 -316867.744118 264006.238683 8302.06353913 152702.650193 454779.294067 -24283.4973272 -40590.4748399 
-258906.615111 -262741.884482 -38014.7489391 466568.685923 94435.4364255 5316.67130323 -2385.88060734 -4271.66451276 -174621.272025 -242281.524482 178964.296212 187453.195689 53278.3285404 4031.14469396 -3819.41855214 -3004.75007553 -186785.980876 -33021.0595051 235947.753366 101579.91057 -10398.1995055 -100612.355676 -3122.2277029 -3587.84067035 
-84533.990889 -87170.5716613 -86195.2900721 94435.4364255 114210.537705 29480.643143 11870.6769606 7902.55838781 -48028.2025659 -86150.4087315 -16667.3638451 40797.173639 69193.812219 24859.366461 10051.117768 5944.50505549 -52875.034783 -60968.7961314 43124.3767291 64584.5659759 22107.0585401 -27632.7091829 7461.60402273 4198.9348295 
-28964.6582986 -35106.393078 -45543.2292269 5316.67130323 29480.643143 42897.9036714 19224.4622875 12694.6001983 -17154.9365504 -38657.5670896 -18780.1832679 -21569.3863395 32597.4115707 37123.007691 16208.314848 10233.3391377 -31309.2021834 -41092.2911831 -5900.7973826 24552.2804976 24975.7639946 7456.07224638 13068.7505386 8249.4234718 
-13088.5767653 -20651.1162775 -30473.5933599 -2385.88060734 11870.6769606 19224.4622875 20081.400825 15422.6269369 -6516.25944238 -23924.8210732 -15278.8784291 -16046.3593866 12840.6571428 19353.832333 17157.4194288 12414.4094267 -14855.0965118 -25428.0812373 -10058.2097279 9269.51397273 10982.474768 6153.70288091 13247.8438494 10687.8520059 
-22413.1130326 -27402.1259236 -50905.5235498 -4271.66451276 7902.55838781 12694.6001983 15422.6269369 68972.6414957 -21951.2884307 -30646.7849932 -23882.498939 -25311.3013802 10006.105582 11425.4986348 16933.210278 63427.0592481 -34278.3458754 -35386.4472562 -17449.9101222 8524.21099741 5463.57663874 -4160.09244937 17051.9775664 60235.0305006 
739213.650635 -42741.5868753 -428200.104745 -174621.272025 -48028.2025659 -17154.9365504 -6516.25944238 -21951.2884307 894836.350332 -107349.210417 -350469.07703 -331338.026869 -56668.9896492 -19311.9500617 -5972.37824883 -23726.7180559 912084.168603 -275544.545884 -302596.483323 -100121.0176 -81536.3427758 -119892.918825 -7459.62615369 -24933.234042 
76048.1067686 775480.949991 -429867.950391 -242281.524482 -86150.4087315 -38657.5670896 -23924.8210732 -30646.7849932 -107349.210417 1039942.62359 -205073.510695 -544564.251209 -92474.980488 -41495.2254733 -23039.2429637 -25946.2023401 12600.2014428 739753.012562 -232584.463118 -126903.195137 -129130.007837 -224549.614714 -17971.8061242 -21214.127075 
-308411.174295 -152677.621439 356733.424004 178964.296212 -16667.3638451 -18780.1832679 -15278.8784291 -23882.498939 -350469.07703 -205073.510695 750329.332707 -122437.346205 -18420.0926342 -17491.0595582 -15869.006046 -20569.2405381 -373188.26323 17105.9665593 558218.969216 81309.9501645 -68971.0292227 -183604.18052 -12485.3575871 -18386.05538 
-379465.911776 -451163.514638 665306.104193 187453.195689 40797.173639 -21569.3863395 -16046.3593866 -25311.3013802 -331338.026869 -544564.251209 -122437.346205 1034192.51622 20907.8950949 -19579.5977075 -15547.1438037 -21634.0455186 -406008.011767 -325303.581505 -9304.96834394 41380.4818562 207810.042201 525061.421968 -12891.3682505 -20744.0161575 
-69779.0787368 -59797.5035489 -48339.7327693 53278.3285404 69193.812219 32597.4115707 12840.6571428 10006.105582 -56668.9896492 -92474.980488 -18420.0926342 20907.8950949 95456.0483142 31642.9447753 11736.9769189 7820.19766803 -66471.6393157 -63670.6105718 17176.0319696 66670.8309497 36597.1203511 -5652.6788429 9488.12229356 5862.82316656 
-25381.2241748 -29814.4792355 -41597.1464035 4031.14469396 24859.366461 37123.007691 19353.832333 11425.4986348 -19311.9500617 -41495.2254733 -17491.0595582 -19579.5977075 31642.9447753 40505.6385476 16982.2798899 8746.96958776 -30879.1834763 -38942.0868781 -5449.46925196 22167.6490805 23026.3625703 9520.48848262 13201.3344433 7354.90502968 
-10549.8950769 -16599.88591 -29380.8627839 -3819.41855214 10051.117768 16208.314848 17157.4194288 16933.210278 -5972.37824883 -23039.2429637 -15869.006046 -15547.1438037 11736.9769189 16982.2798899 19384.0093785 12324.5048749 -12600.4906977 -23774.7329202 -10821.4955282 7929.63344211 8579.31406749 4418.47771696 15473.0170531 10796.2768665 
-21674.4733448 -22686.3583439 -44653.7311038 -3004.75007553 5944.50505549 10233.3391377 12414.4094267 63427.0592481 -23726.7180559 -25946.2023401 -20569.2405381 -21634.0455186 7820.19766803 8746.96958776 12324.5048749 62984.5343221 -35536.7815583 -29623.4213626 -14638.1216205 7565.66724402 3624.54064594 -5300.99526595 12645.6843256 61263.4275917 
744775.126418 73377.0640074 -498048.530196 -186785.980876 -52875.034783 -31309.2021834 -14855.0965118 -34278.3458754 912084.168603 12600.2014428 -373188.26323 -406008.011767 -66471.6393157 -30879.1834763 -12600.4906977 -35536.7815583 1219359.8104 -302640.109339 -417372.248597 -145911.735263 -123000.140866 -178249.005779 -14725.3725612 -37461.1979974 
-34194.8402932 546959.259725 -316867.744118 -33021.0595051 -60968.7961314 -41092.2911831 -25428.0812373 -35386.4472562 -275544.545884 739753.012562 17105.9665593 -325303.581505 -63670.6105718 -38942.0868781 -23774.7329202 -29623.4213626 -302640.109339 1058894.02617 -146664.790585 -148440.779577 -155516.712999 -258285.622345 -21284.2873451 -26061.7239774 
-320061.070112 -189608.381433 264006.238683 235947.753366 43124.3767291 -5900.7973826 -10058.2097279 -17449.9101222 -302596.483323 -232584.463118 558218.969216 -9304.96834394 17176.0319696 -5449.46925196 -10821.4955282 -14638.1216205 -417372.248597 -146664.790585 692620.843143 107359.863589 -52109.6430452 -160598.659211 -9619.01566571 -13616.3496279 
-126545.77732 -90266.7682328 8302.06353913 101579.91057 64584.5659759 24552.2804976 9269.51397273 8524.21099741 -100121.0176 -126903.195137 81309.9501645 41380.4818562 66670.8309497 22167.6490805 7929.63344211 7565.66724402 -145911.735263 -148440.779577 107359.863589 187993.151535 32660.2795756 -46758.6540062 6702.27083982 6395.60330666 
-95316.7667012 -110516.557928 152702.650193 -10398.1995055 22107.0585401 24975.7639946 10982.474768 5463.57663874 -81536.3427758 -129130.007837 -68971.0292227 207810.042201 36597.1203511 23026.3625703 8579.31406749 3624.54064594 -123000.140866 -155516.712999 -52109.6430452 32660.2795756 262419.625142 25574.2133298 7349.29948659 2623.07937618 
-136102.52744 -199881.384446 454779.294067 -100612.355676 -27632.7091829 7456.07224638 6153.70288091 -4160.09244937 -119892.918825 -224549.614714 -183604.18052 525061.421968 -5652.6788429 9520.48848262 4418.47771696 -5300.99526595 -178249.005779 -258285.622345 -160598.659211 -46758.6540062 25574.2133298 619467.943883 4395.45394939 -5545.66982027 
-11288.5765669 -12135.8743802 -24283.4973272 -3122.2277029 7461.60402273 13068.7505386 13247.8438494 17051.9775664 -7459.62615369 -17971.8061242 -12485.3575871 -12891.3682505 9488.12229356 13201.3344433 15473.0170531 12645.6843256 -14725.3725612 -21284.2873451 -9619.01566571 6702.27083982 7349.29948659 4395.45394939 16105.2723638 11076.3789324 
-21265.5679847 -17927.3573128 -40590.4748399 -3587.84067035 4198.9348295 8249.4234718 10687.8520059 60235.0305006 -24933.234042 -21214.127075 -18386.05538 -20744.0161575 5862.82316656 7354.90502968 10796.2768665 61263.4275917 -37461.1979974 -26061.7239774 -13616.3496279 6395.60330666 2623.07937618 -5545.66982027 11076.3789324 62589.8798077 
1643682.19082 -502532.010035 -774369.291881 -146437.656204 -96658.7488886 -78493.7001226 -34308.7363485 -10882.0473412 1269318.15577 -276431.430898 -843513.529899 -119920.120983 -15876.9513527 -9828.35293322 1617.34004578 -5365.10974743 468394.0949 -546766.894483 54766.6606515 25831.0394746 13842.1338023 -5030.97534747 -4525.66200029 -6510.39699788 
-502532.010035 1406713.91598 -381514.75915 -218107.836029 -142430.305796 -106115.675966 -46633.3794794 -9379.94952531 -462395.378703 612449.685276 43241.2242519 -95120.1852838 -56319.4626249 -22896.3641067 -13068.0814726 -5891.43733671 -86652.7754023 137311.638881 10182.9272037 -9895.59969776 -26730.105895 -12427.9324653 -6807.70596117 -4980.44666297 
-774369.291881 -381514.75915 1500874.58215 -24006.5100003 -141838.147956 -113059.097058 -53530.4329113 -12556.343197 -641221.594679 -91784.1520406 948721.939854 -85907.8969273 -66157.0782305 -39619.2890964 -17990.6883428 -6041.24053726 -513820.460512 818764.042569 -130554.879314 -97285.6757057 -48971.969812 -17489.3197955 -6956.56765872 -3685.16977086 
-146437.656204 -218107.836029 -24006.5100003 325196.677196 69968.5788953 -4874.86600819 -5036.93417623 3298.54632605 -72771.8845618 -79729.6247846 41025.5530269 89226.77462 19151.7084795 1576.32405661 -64.0945558339 1585.24371929 18997.5115863 -82906.5250274 43210.077732 17613.3334519 1109.86715049 481.567553811 203.435404995 1290.73214792 
-96658.7488886 -142430.305796 -141838.147956 69968.5788953 234056.853405 62526.5554226 10473.9916614 3901.22325529 -36165.3269245 -53570.750319 -65844.6926577 82952.3159562 48125.3565702 19104.6270309 3887.55811707 1510.91222687 74445.0025774 -164673.621772 19143.6547431 38490.285119 21036.2257726 8073.79572576 2812.14395532 672.513879232 
-78493.7001226 -106115.675966 -113059.097058 -4874.86600819 62526.5554226 185365.1562 49461.2750219 5190.35251019 -34573.0990142 -73992.5790793 -79591.3047137 97065.7471135 45449.1117178 32303.5004339 11261.5524773 2077.07106467 40431.7185554 -107191.467997 -797.636670018 18060.0991456 25133.4802205 15488.995842 6273.55282746 2601.25807621 
-34308.7363485 -46633.3794794 -53530.4329113 -5036.93417623 10473.9916614 49461.2750219 70340.3944662 9233.82176575 -17779.0931542 -30272.4853377 -32848.2816847 27530.0486112 21304.2530844 16062.3537817 10561.9070859 5441.29761352 2924.67419571 -38310.777316 -499.918860734 4958.13850517 11883.4260555 8237.79697714 5662.4064284 5144.25401482 
-10882.0473412 -9379.94952531 -12556.343197 3298.54632605 3901.22325529 5190.35251019 9233.82176575 11194.3962062 -4411.77873098 -6668.66281643 -11190.908177 4173.31689274 4323.06235618 3297.20083318 3794.50664525 6683.26299704 -4719.76590029 -16226.394854 4549.11451431 2228.37970727 2696.94270563 2666.07150957 3338.397004 5467.25531352 
1269318.15577 -462395.378703 -641221.594679 -72771.8845618 -36165.3269245 -34573.0990142 -17779.0931542 -4411.77873098 1463872.81141 -496458.580299 -832268.663939 -99043.9050772 -11399.6476135 -10510.1273177 -8258.07042129 -5933.81674158 765276.64862 -618346.525009 -98217.4967324 -32062.8506706 -5027.36556091 -2754.57649812 -3021.96196041 -5845.87218917 
-276431.430898 612449.685276 -91784.1520406 -79729.6247846 -53570.750319 -73992.5790793 -30272.4853377 -6668.66281643 -496458.580299 1352375.84541 -601191.31462 -174246.155683 -45595.6542826 -25224.0766262 -5359.63570956 -4300.42818943 10826.2594696 -101928.589637 121756.640754 -659.698868082 -13161.9768913 -10362.9558852 -3806.82044014 -2662.85850204 
-843513.529899 43241.2242519 948721.939854 41025.5530269 -65844.6926577 -79591.3047137 -32848.2816847 -11190.908177 -832268.663939 -601191.31462 1637094.06921 -52502.2760884 -83454.5294695 -42843.2623574 -19032.5904841 -5801.43225583 -665936.304591 986873.285338 -123773.19792 -94927.0380402 -58420.6491337 -25135.3331632 -12559.3987387 -6121.36375172 
-119920.120983 -95120.1852838 -85907.8969273 89226.77462 82952.3159562 97065.7471135 27530.0486112 4173.31689274 -99043.9050772 -174246.155683 -52502.2760884 279935.369927 38582.5281295 3930.82863186 1998.29986644 1345.31029365 -15825.2766585 -109215.845812 53204.2704364 55282.1115374 11054.3651871 3237.92709537 1384.71864741 877.729566903 
-15876.9513527 -56319.4626249 -66157.0782305 19151.7084795 48125.3565702 45449.1117178 21304.2530844 4323.06235618 -11399.6476135 -45595.6542826 -83454.5294695 38582.5281295 74955.6810126 20838.1215932 4459.46911535 1614.03151497 -25790.9762078 -80635.4856812 22534.2049757 41833.0189691 27704.9225668 9749.24672063 3103.73444717 1501.3342097 
-9828.35293322 -22896.3641067 -39619.2890964 1576.32405661 19104.6270309 32303.5004339 16062.3537817 3297.20083318 -10510.1273177 -25224.0766262 -42843.2623574 3930.82863186 20838.1215932 42448.0827476 9536.87537026 1823.55795833 -37197.9523277 -46682.7334003 11637.9246733 22183.3589884 26040.1367033 15984.3321732 6062.39399194 1972.53919775 
1617.34004578 -13068.0814726 -17990.6883428 -64.0945558339 3887.55811707 11261.5524773 10561.9070859 3794.50664525 -8258.07042129 -5359.63570956 -19032.5904841 1998.29986644 4459.46911535 9536.87537026 13519.6344083 3136.01785463 -19007.4134024 -20271.6874783 6723.64196904 6632.41285345 9581.38289761 7303.45421189 5895.4079694 3142.80097932 
-5365.10974743 -5891.43733671 -6041.24053726 1585.24371929 1510.91222687 2077.07106467 5441.29761352 6683.26299704 -5933.81674158 -4300.42818943 -5801.43225583 1345.31029365 1614.03151497 1823.55795833 3136.01785463 8116.75956526 -12344.984903 -9792.41832054 6134.01184381 1718.6852306 2229.1842311 1977.90534539 2941.92608337 7135.69048925 
468394.0949 -86652.7754023 -513820.460512 18997.5115863 74445.0025774 40431.7185554 2924.67419571 -4719.76590029 765276.64862 10826.2594696 -665936.304591 -15825.2766585 -25790.9762078 -37197.9523277 -19007.4134024 -12344.984903 1544162.58989 -1002018.20158 -311692.643109 -124151.110642 -57017.8738726 -23651.1393204 -13600.480852 -12031.1405182 
-546766.894483 137311.638881 818764.042569 -82906.5250274 -164673.621772 -107191.467997 -38310.777316 -16226.394854 -618346.525009 -101928.589637 986873.285338 -109215.845812 -80635.4856812 -46682.7334003 -20271.6874783 -9792.41832054 -1002018.20158 1526532.53441 -223220.389281 -174909.544078 -75850.9496435 -28835.5908189 -12290.7430609 -9407.11595476 
54766.6606515 10182.9272037 -130554.879314 43210.077732 19143.6547431 -797.636670018 -499.918860734 4549.11451431 -98217.4967324 121756.640754 -123773.19792 53204.2704364 22534.2049757 11637.9246733 6723.64196904 6134.01184381 -311692.643109 -223220.389281 432708.109395 76549.5581871 11888.4944904 5235.46994843 3137.73263438 5393.66773522 
25831.0394746 -9895.59969776 -97285.6757057 17613.3334519 38490.285119 18060.0991456 4958.13850517 2228.37970727 -32062.8506706 -659.698868082 -94927.0380402 55282.1115374 41833.0189691 22183.3589884 6632.41285345 1718.6852306 -124151.110642 -174909.544078 76549.5581871 174330.222634 35898.3076441 8063.61036762 2908.09688862 1310.85899885 
13842.1338023 -26730.105895 -48971.969812 1109.86715049 21036.2257726 25133.4802205 11883.4260555 2696.94270563 -5027.36556091 -13161.9768913 -58420.6491337 11054.3651871 27704.9225668 26040.1367033 9581.38289761 2229.1842311 -57017.8738726 -75850.9496435 11888.4944904 35898.3076441 63794.1447098 15213.7688465 4321.21177277 1752.8960525 
-5030.97534747 -12427.9324653 -17489.3197955 481.567553811 8073.79572576 15488.995842 8237.79697714 2666.07150957 -2754.57649812 -10362.9558852 -25135.3331632 3237.92709537 9749.24672063 15984.3321732 7303.45421189 1977.90534539 -23651.1393204 -28835.5908189 5235.46994843 8063.61036762 15213.7688465 16866.347084 5325.67641645 1781.85747618 
-4525.66200029 -6807.70596117 -6956.56765872 203.435404995 2812.14395532 6273.55282746 5662.4064284 3338.397004 -3021.96196041 -3806.82044014 -12559.3987387 1384.71864741 3103.73444717 6062.39399194 5895.4079694 2941.92608337 -13600.480852 -12290.7430609 3137.73263438 2908.09688862 4321.21177277 5325.67641645 7276.67688797 2921.82931261 
-6510.39699788 -4980.44666297 -3685.16977086 1290.73214792 672.513879232 2601.25807621 5144.25401482 5467.25531352 -5845.87218917 -2662.85850204 -6121.36375172 877.729566903 1501.3342097 1972.53919775 3142.80097932 7135.69048925 -12031.1405182 -9407.11595476 5393.66773522 1310.85899885 1752.8960525 1781.85747618 2921.82931261 8277.14689761 
35581.9135709 18807.5477004 -2582.05997797 -34442.4563702 -5904.74569628 -7189.37776313 -4794.66898895 523.847525195 32470.2155758 17677.2301582 -18379.4856943 -43727.1146093 6585.6900903 4157.74151563 567.482626533 648.240337145 35198.2045598 -11173.8415413 -46738.9339205 11554.3682882 7444.63444121 2631.69887646 407.1483513 676.720944911 
18807.5477004 82101.3184238 40858.7576538 -83976.758578 -40880.7091426 -9432.36322023 -7580.43486502 102.642027983 17597.9093353 42362.3170768 -15169.7476503 -62244.3224101 6973.29567145 9074.19680296 1379.38522473 26.9659491547 28336.9808769 1303.30580044 -70951.7178137 4830.72547863 16139.7082481 18272.1349086 2014.65057333 54.2119278126 
-2582.05997797 40858.7576538 787092.320083 -208913.510827 -380002.69544 -165935.135822 -65027.718412 -5489.95725816 -6044.87531242 19453.0685384 499659.763746 -303686.95466 -208800.567562 3111.45039015 -327.878784667 -3364.00635576 -16378.890548 148637.197589 48527.0238764 -188436.545381 2804.34448352 7115.54196089 522.937646819 -2791.60962739 
-34442.4563702 -83976.758578 -208913.510827 1828540.37573 -694739.543644 -594746.035752 -204680.618226 -7041.45233199 -39535.7496921 -62622.3074401 135090.463716 473640.039133 -427507.364924 -67447.1412712 -11483.3323091 -134.607212418 -118695.621604 -306099.935025 537846.812846 6810.10325135 -75532.3104188 -36926.8151798 -7633.71910691 231.485237096 
-5904.74569628 -40880.7091426 -380002.69544 -694739.543644 1286876.4942 -64475.9921569 -88533.9145937 -12338.8935278 -4082.20485955 -17067.4854483 -403286.354801 -18601.0300945 462271.501353 -3628.77131996 -4488.06028771 -11117.5945424 -26050.7348168 -104531.921969 -293194.187053 428899.831026 20751.8390195 -12081.3180747 -2089.28647938 -11704.2216525 
-7189.37776313 -9432.36322023 -165935.135822 -594746.035752 -64475.9921569 744800.791436 97814.3449067 -836.23162869 1480.17923591 3088.3320992 -196454.734828 -36266.6874734 184266.675414 43139.9456538 6676.80321685 -5930.51331814 90032.181247 221586.687997 -175289.385223 -170439.784054 24021.2511265 12925.2512321 3048.3858169 -5884.5881423 
-4794.66898895 -7580.43486502 -65027.718412 -204680.618226 -88533.9145937 97814.3449067 268953.160761 3849.84941771 -2713.48275622 -2723.69476183 6130.68803721 -3056.16437802 -14101.485023 11151.771731 5617.59614386 -305.228993037 7858.02314052 60800.9138517 8319.53719516 -88173.8303448 3381.66103551 6320.20077474 2110.48267009 -616.988322951 
523.847525195 102.642027983 -5489.95725816 -7041.45233199 -12338.8935278 -836.23162869 3849.84941771 21230.1957757 828.008473219 -167.460222377 -7590.59252542 -6057.76550731 -9687.74502059 440.80649759 2058.00416945 20176.7441354 -300.142855211 -10522.4067032 -8519.14990738 -5044.86826359 988.87206444 1743.30550175 1619.40052785 20034.9896353 
32470.2155758 17597.9093353 -6044.87531242 -39535.7496921 -4082.20485955 1480.17923591 -2713.48275622 828.008473219 39203.3533169 19114.2269073 -18877.4535411 -44733.592201 2694.67536929 1838.1157049 62.2942926951 698.380151032 44832.3206097 -7263.97314671 -53834.3056602 6290.30387443 6953.76556851 2059.99082894 267.118866152 694.779059203 
17677.2301582 42362.3170768 19453.0685384 -62622.3074401 -17067.4854483 3088.3320992 -2723.69476183 -167.460222377 19114.2269073 72360.1015006 20683.0721794 -115191.858238 -2594.00459874 5513.68214124 378.010088963 -263.229980814 45794.054131 50736.1335265 -90633.5954433 -23963.650118 11808.4504737 5594.94220431 910.827456092 -247.162230276 
-18379.4856943 -15169.7476503 499659.763746 135090.463716 -403286.354801 -196454.734828 6130.68803721 -7590.59252542 -18877.4535411 20683.0721794 1315777.18127 -796048.473888 -473785.295662 -34006.2717631 -8822.67679344 -4920.08179814 -31929.4703734 568064.860824 98068.9277401 -579695.210452 -36026.4931809 -10455.419441 -3277.05821415 -4750.13690265 
-43727.1146093 -62244.3224101 -303686.95466 473640.039133 -18601.0300945 -36266.6874734 -3056.16437802 -6057.76550731 -44733.592201 -115191.858238 -796048.473888 1517427.44069 -469022.192285 -79700.0911224 -5483.54818239 -7247.68477819 -83295.8936091 -428273.123056 461666.497818 144719.380322 -61386.4266265 -21861.2817703 -4199.89618128 -7369.25689591 
6585.6900903 6973.29567145 -208800.567562 -427507.364924 462271.501353 184266.675414 -14101.485023 -9687.74502059 2694.67536929 -2594.00459874 -473785.295662 -469022.192285 910024.867521 43737.9783361 -1236.21493544 -9819.8137448 21101.967954 -156796.863721 -360055.445681 465480.984261 43061.5072225 -1455.27591653 -1170.08610653 -10166.7880125 
4157.74151563 9074.19680296 3111.45039015 -67447.1412712 -3628.77131996 43139.9456538 11151.771731 440.80649759 1838.1157049 5513.68214124 -34006.2717631 -79700.0911224 43737.9783361 55808.7963169 7033.66739525 -225.877008941 5258.79428297 -9329.31331006 -41883.5086234 -7288.27961687 30587.5227664 18926.3171862 3689.15259982 39.3147149649 
567.482626533 1379.38522473 -327.878784667 -11483.3323091 -4488.06028771 6676.80321685 5617.59614386 2058.00416945 62.2942926951 378.010088963 -8822.67679344 -5483.54818239 -1236.21493544 7033.66739525 6653.85875996 1414.6093744 -430.424714915 -4727.51956232 -6670.3434755 -3006.63056975 4470.71972582 6514.58538355 2362.65789925 1486.95531386 
648.240337145 26.9659491547 -3364.00635576 -134.607212418 -11117.5945424 -5930.51331814 -305.228993037 20176.7441354 698.380151032 -263.229980814 -4920.08179814 -7247.68477819 -9819.8137448 -225.877008941 1414.6093744 20363.6977855 -1331.34828017 -12410.2015546 -6658.22667416 -2536.89770037 530.954050505 676.141524822 1417.28368064 20312.2949533 
35198.2045598 28336.9808769 -16378.890548 -118695.621604 -26050.7348168 90032.181247 7858.02314052 -300.142855211 44832.3206097 45794.054131 -31929.4703734 -83295.8936091 21101.967954 5258.79428297 -430.424714915 -1331.34828017 151430.321369 104032.782269 -186693.459579 -68969.5508814 3908.78116846 -1507.39489029 -624.618033959 -1576.86142243 
-11173.8415413 1303.30580044 148637.197589 -306099.935025 -104531.921969 221586.687997 60800.9138517 -10522.4067032 -7263.97314671 50736.1335265 568064.860824 -428273.123056 -156796.863721 -9329.31331006 -4727.51956232 -12410.2015546 104032.782269 1351791.43395 -667087.931981 -712555.22795 -39540.4277691 -18683.1857118 -4725.5772526 -13231.8655571 
-46738.9339205 -70951.7178137 48527.0238764 537846.812846 -293194.187053 -175289.385223 8319.53719516 -8519.14990738 -53834.3056602 -90633.5954433 98068.9277401 461666.497818 -360055.445681 -41883.5086234 -6670.3434755 -6658.22667416 -186693.459579 -667087.931981 1644103.71105 -681538.839888 -71659.8233148 -26642.2205475 -4345.76787801 -6135.66786252 
11554.3682882 4830.72547863 -188436.545381 6810.10325135 428899.831026 -170439.784054 -88173.8303448 -5044.86826359 6290.30387443 -23963.650118 -579695.210452 144719.380322 465480.984261 -7288.27961687 -3006.63056975 -2536.89770037 -68969.5508814 -712555.22795 -681538.839888 1445725.70679 30974.3514052 -9615.86220504 -1321.50918211 -2699.06808518 
7444.63444121 16139.7082481 2804.34448352 -75532.3104188 20751.8390195 24021.2511265 3381.66103551 988.87206444 6953.76556851 11808.4504737 -36026.4931809 -61386.4266265 43061.5072225 30587.5227664 4470.71972582 530.954050505 3908.78116846 -39540.4277691 -71659.8233148 30974.3514052 56354.3617777 17028.2329499 2349.68100089 584.842781748 
2631.69887646 18272.1349086 7115.54196089 -36926.8151798 -12081.3180747 12925.2512321 6320.20077474 1743.30550175 2059.99082894 5594.94220431 -10455.419441 -21861.2817703 -1455.27591653 18926.3171862 6514.58538355 676.141524822 -1507.39489029 -18683.1857118 -26642.2205475 -9615.86220504 17028.2329499 34097.7981891 4433.36152669 889.270688797 
407.1483513 2014.65057333 522.937646819 -7633.71910691 -2089.28647938 3048.3858169 2110.48267009 1619.40052785 267.118866152 910.827456092 -3277.05821415 -4199.89618128 -1170.08610653 3689.15259982 2362.65789925 1417.28368064 -624.618033959 -4725.5772526 -4345.76787801 -1321.50918211 2349.68100089 4433.36152669 2583.33748666 1651.09233244 
676.720944911 54.2119278126 -2791.60962739 231.485237096 -11704.2216525 -5884.5881423 -616.988322951 20034.9896353 694.779059203 -247.162230276 -4750.13690265 -7369.25689591 -10166.7880125 39.3147149649 1486.95531386 20312.2949533 -1576.86142243 -13231.8655571 -6135.66786252 -2699.06808518 584.842781748 889.270688797 1651.09233244 20518.2571242 
43770.3516538 15167.3325613 6545.07360839 4545.78214603 -7119.60624622 -26975.45462 -28927.2838064 -7006.19529693 29717.5925722 26234.8244479 8311.22635563 2387.57853616 -36073.5167616 -31080.4754447 452.294068441 50.476225956 29021.3773249 5914.87969668 -2810.80482407 -37737.8178573 -13047.7074044 4886.36339875 5833.64491055 7940.0647549 
15167.3325613 28195.5855868 13499.9318183 7659.96004142 -11167.3071065 -23968.1805708 -27110.8485521 -2276.47377856 12524.5098705 26170.2938339 14580.9990671 7910.14994131 -32448.7693075 -25365.6739561 -4879.90854683 1508.39909758 16132.9098396 12365.4383924 -2939.54985671 -32534.9907148 -10580.5871438 5337.07426093 4921.43611562 7298.26910687 
6545.07360839 13499.9318183 32948.6241849 25636.818019 -6311.98713156 -24240.9575604 -45720.7782718 -2356.72466689 7456.70776682 14533.9346367 27144.6900693 22881.4075108 -35729.6136753 -29963.1994847 -12061.518619 5737.59179542 11179.3705742 9963.38274572 -1316.47840262 -37016.6929839 -10124.8111844 12906.1347812 2431.66556541 11977.4289043 
4545.78214603 7659.96004142 25636.818019 103944.888151 71689.9222562 -68400.677478 -117775.995227 -27300.697909 4773.13430358 10345.4606439 30087.0365201 75961.0433402 -24779.3720189 -55172.3436902 -28995.9519584 -12219.0071403 6890.83495848 -6659.43184072 11281.8339548 -38858.0406049 7313.15787514 25540.9924678 -9673.24907319 4163.90226261 
-7119.60624622 -11167.3071065 -6311.98713156 71689.9222562 1449316.83476 -454388.514261 -813592.105893 -228427.236379 -10713.0573353 -14789.477321 -11851.2423039 51708.6874401 857229.185211 -431720.830212 -295067.394135 -144795.871345 -33991.6738663 -153385.658229 -151380.136694 374014.279006 239880.266577 -98171.2408533 -123999.866183 -52965.9697577 
-26975.45462 -23968.1805708 -24240.9575604 -68400.677478 -454388.514261 1730050.33819 -749879.875634 -382196.67807 -20993.8301923 -33459.3794353 -33632.6177237 -36294.4647224 251285.268411 340970.076537 -223199.661602 -244675.391273 -40270.1524668 -35224.4234086 160960.681978 -35210.5217296 124964.39326 98659.3140192 -186354.356168 -87524.9354839 
-28927.2838064 -27110.8485521 -45720.7782718 -117775.995227 -813592.105893 -749879.875634 1910389.53889 -127382.65151 -21337.5112724 -31560.0927325 -46099.1410915 -111262.256303 -632337.238183 425073.709546 559496.794661 -141974.264625 4056.2660447 175039.701558 13065.2414273 77738.6891736 -90264.4882365 -45958.3056379 -85433.5648284 -48243.5395009 
-7006.19529693 -2276.47377856 -2356.72466689 -27300.697909 -228427.236379 -382196.67807 -127382.65151 776946.65761 -1427.54571313 2524.43592642 11459.049107 -13292.145743 -347145.943676 -192741.263296 4255.3461313 536368.067264 6981.06759124 -8013.88891475 -26860.7875824 -270394.904289 -248140.223743 -3200.33243669 392274.289661 157354.779714 
29717.5925722 12524.5098705 7456.70776682 4773.13430358 -10713.0573353 -20993.8301923 -21337.5112724 -1427.54571313 33732.7967934 13860.0002129 7011.09568509 3660.88572358 -26244.1007256 -28509.6456515 -4023.7979664 512.765928598 33603.1798053 7199.51836109 -9520.50692964 -36749.1031706 -11315.195056 5210.59096366 3656.26055432 7915.25547187 
26234.8244479 26170.2938339 14533.9346367 10345.4606439 -14789.477321 -33459.3794353 -31560.0927325 2524.43592642 13860.0002129 47323.7490661 18187.446894 8256.47433835 -45636.8511991 -40030.7862746 -5459.35906263 3499.32602504 24797.9727154 20666.2316178 -722.419201487 -47566.2452677 -18735.6423511 4504.52697835 7507.96446689 9547.6110418 
8311.22635563 14580.9990671 27144.6900693 30087.0365201 -11851.2423039 -33632.6177237 -46099.1410915 11459.049107 7011.09568509 18187.446894 56461.1312957 29573.9655299 -58296.9230957 -54977.8681832 -13601.7490827 15642.900957 16490.8219478 28014.203319 8717.29909292 -67540.2941842 -23926.3483487 12933.8643874 7718.15044726 17592.3033386 
2387.57853616 7910.14994131 22881.4075108 75961.0433402 51708.6874401 -36294.4647224 -111262.256303 -13292.145743 3660.88572358 8256.47433835 29573.9655299 157959.398723 2222.6391369 -136107.874686 -50965.2344758 -14600.2542901 29583.0806586 41389.9372435 30408.2643274 -70810.2970691 -39055.6522614 14672.5961918 -8321.33059754 2133.40150685 
-36073.5167616 -32448.7693075 -35729.6136753 -24779.3720189 857229.185211 251285.268411 -632337.238183 -347145.943676 -26244.1007256 -45636.8511991 -58296.9230957 2222.6391369 2033251.34009 -1048768.98192 -579216.520076 -277310.602209 -3835.64965319 301742.107318 25244.6087389 305651.566357 3658.5516826 -264485.666839 -254853.377681 -113122.139925 
-31080.4754447 -25365.6739561 -29963.1994847 -55172.3436902 -431720.830212 340970.076537 425073.709546 -192741.263296 -28509.6456515 -40030.7862746 -54977.8681832 -136107.874686 -1048768.98192 1823898.44569 -218044.732736 -297458.556241 -67185.5896363 -222631.985801 217416.317982 208061.918377 105279.122514 100567.289562 -226450.397456 -115056.675542 
452.294068441 -4879.90854683 -12061.518619 -28995.9519584 -295067.394135 -223199.661602 559496.794661 4255.3461313 -4023.7979664 -5459.35906263 -13601.7490827 -50965.2344758 -579216.520076 -218044.732736 886019.346724 -14707.9533244 -26595.5838561 -128376.397716 -182263.507608 -40512.4933761 145127.581412 149574.515254 72681.6462817 10364.239608 
50.476225956 1508.39909758 5737.59179542 -12219.0071403 -144795.871345 -244675.391273 -141974.264625 536368.067264 512.765928598 3499.32602504 15642.900957 -14600.2542901 -277310.602209 -297458.556241 -14707.9533244 584422.373154 -6858.23198153 -48003.6143427 -89280.0564023 -250535.051667 -161032.417591 -22977.7164981 398061.083984 180626.004499 
29021.3773249 16132.9098396 11179.3705742 6890.83495848 -33991.6738663 -40270.1524668 4056.2660447 6981.06759124 33603.1798053 24797.9727154 16490.8219478 29583.0806586 -3835.64965319 -67185.5896363 -26595.5838561 -6858.23198153 102094.611945 75611.5682403 -14713.7366087 -89167.6752405 -59241.8416303 -11898.5638169 -6583.83823155 3899.47534239 
5914.87969668 12365.4383924 9963.38274572 -6659.43184072 -153385.658229 -35224.4234086 175039.701558 -8013.88891475 7199.51836109 20666.2316178 28014.203319 41389.9372435 301742.107318 -222631.985801 -128376.397716 -48003.6143427 75611.5682403 666888.999813 52678.5333622 -352281.007636 -284158.620064 -90327.1862865 -55633.7599094 -12778.5275188 
-2810.80482407 -2939.54985671 -1316.47840262 11281.8339548 -151380.136694 160960.681978 13065.2414273 -26860.7875824 -9520.50692964 -722.419201487 8717.29909292 30408.2643274 25244.6087389 217416.317982 -182263.507608 -89280.0564023 -14713.7366087 52678.5333622 818125.17853 -170348.339127 -425500.824722 -132327.66847 -100544.54323 -27368.5997349 
-37737.8178573 -32534.9907148 -37016.6929839 -38858.0406049 374014.279006 -35210.5217296 77738.6891736 -270394.904289 -36749.1031706 -47566.2452677 -67540.2941842 -70810.2970691 305651.566357 208061.918377 -40512.4933761 -250535.051667 -89167.6752405 -352281.007636 -170348.339127 1719853.88986 -454122.143799 -305179.047708 -236852.419763 -111903.256582 
-13047.7074044 -10580.5871438 -10124.8111844 7313.15787514 239880.266577 124964.39326 -90264.4882365 -248140.223743 -11315.195056 -18735.6423511 -23926.3483487 -39055.6522614 3658.5516826 105279.122514 145127.581412 -161032.417591 -59241.8416303 -284158.620064 -425500.824722 -454122.143799 1491195.50346 -19567.442227 -164752.523519 -83852.107501 
4886.36339875 5337.07426093 12906.1347812 25540.9924678 -98171.2408533 98659.3140192 -45958.3056379 -3200.33243669 5210.59096366 4504.52697835 12933.8643874 14672.5961918 -264485.666839 100567.289562 149574.515254 -22977.7164981 -11898.5638169 -90327.1862865 -132327.66847 -305179.047708 -19567.442227 535090.479396 36990.3756523 -12780.9465397 
5833.64491055 4921.43611562 2431.66556541 -9673.24907319 -123999.866183 -186354.356168 -85433.5648284 392274.289661 3656.26055432 7507.96446689 7718.15044726 -8321.33059754 -254853.377681 -226450.397456 72681.6462817 398061.083984 -6583.83823155 -55633.7599094 -100544.54323 -236852.419763 -164752.523519 36990.3756523 487059.230114 40317.4788867 
7940.0647549 7298.26910687 11977.4289043 4163.90226261 -52965.9697577 -87524.9354839 -48243.5395009 157354.779714 7915.25547187 9547.6110418 17592.3033386 2133.40150685 -113122.139925 -115056.675542 10364.239608 180626.004499 3899.47534239 -12778.5275188 -27368.5997349 -111903.256582 -83852.107501 -12780.9465397 40317.4788867 204466.483647 
