24 4 3
0.137261333973 0.679443938839 0.183053705255 0.000241021932996 
0.233143708311 0.194218940757 0.297933285117 0.274704065814 
nan nan nan nan 
5.66861199146e-161 1.1976601548e-112 0.0228271394082 266.621991843 548.105258438 1151.71447511 890.775675615 1238.75977185 7.72356171793e-169 5.53045101938e-171 0.00175593463733 0.0272090704848 172.828603838 1290.69706886 1607.84789383 1024.59746847 2.19012542074e-170 6.3422036481e-169 0.00263390194759 0.0105316602485 0.110571315694 746.809076048 1617.5641856 1731.50300147 
628.949393041 962.805396797 914.110444098 719.453647122 595.427490953 270.223013475 4.94457297258 0.0860415420727 580.001464541 901.210177101 784.538536224 696.379006308 688.345043057 443.837010762 1.65202551882 0.0367364896119 1075.67857395 766.096809542 553.677257185 489.491128006 361.210310316 849.368963733 0.476957264766 2.55059405869e-113 
314.555954394 519.861033119 747.644467045 719.22147192 554.29613004 534.812411462 404.252112488 301.356419532 276.310335909 420.382042536 606.805687265 667.442914249 716.993180153 678.624336194 490.807004666 238.634499027 410.86030631 485.48275213 576.360808273 576.792714714 471.45596141 664.739913057 568.181485663 342.126058443 
2759.0 1177.5 125.5 26.0 6.5 0.5 1.0618626871e-147 1.0 2684.0 1295.5 97.0 14.5 3.5 0.5 1.11868272744e-150 1.0 1769.0 1326.5 956.0 38.5 3.5 1.5 1.79678062386e-136 1.0 
13.4108307823 37.3517646963 206.005425939 898.170874075 1509.32763486 1049.9918335 305.796666008 75.944970142 14.9128476501 37.9998784145 96.0024589097 473.756983084 2230.90649701 976.256380877 213.762384927 52.4025691283 25.95348002 74.6989702385 285.077640853 1153.77312518 1103.53817305 1173.48946177 238.747758189 40.721390694 
17.1246693225 48.6355277626 63.1395062447 195.750077379 582.737453338 783.864987618 1298.42814222 1106.31963611 18.0768741025 43.4577619894 57.4200801201 90.7180445725 152.836542828 577.405026402 1753.18054898 1402.90512101 22.1099756697 57.1176472553 81.0454686052 143.044068228 291.875619458 498.697848696 570.621970131 2431.48740196 
43.0229147565 265.677470985 1200.27541379 1386.4397337 884.550791389 209.503056703 59.2576339287 47.2729847547 46.4782828816 246.360481019 890.814581036 1941.96479617 686.520113708 186.931774966 52.6389301197 44.2910401 111.40350361 613.611313789 1377.21476616 1038.87779688 470.552604825 403.391592064 41.2445171693 39.7039054962 
974.285209796 1392.57200293 770.565198152 393.909445798 220.751469495 130.641065906 89.2179407037 124.05766722 889.496908602 1514.15463124 806.299597056 368.126990286 198.134734922 125.526695144 88.6170254506 105.643417295 1229.87083502 1523.04790468 639.728958652 271.953644863 155.415152632 104.819283878 75.4375944817 95.7266257997 
nan nan nan nan nan nan nan nan nan nan nan nan nan nan nan nan nan nan nan nan nan nan nan nan 
nan nan nan nan nan nan nan nan nan nan nan nan nan nan nan nan nan nan nan nan nan nan nan nan 
nan nan nan nan nan nan nan nan nan nan nan nan nan nan nan nan nan nan nan nan nan nan nan nan 
nan nan nan nan nan nan nan nan nan nan nan nan nan nan nan nan nan nan nan nan nan nan nan nan 
1.0 2.41482867606e-158 1.01905616485e-159 -1.51137661991e-158 -3.10699604056e-158 -6.52862248436e-158 -5.04946167641e-158 -7.02204849725e-158 3.15034562383e-165 2.25200154986e-167 1.30718091198e-157 9.7952071497e-158 -6.28244357369e-159 -7.31646088188e-158 -9.11426585141e-158 -5.80804549609e-158 8.93007241588e-167 2.58659206068e-165 -1.48815697205e-163 -5.96990414018e-163 -6.26785808402e-162 6.67870705057e-158 2.96148575624e-158 -9.63949170798e-158 
2.41482867606e-158 1.0 1.31469225475e-111 -3.00159973546e-110 -6.3488594588e-110 5.82404797012e-110 1.80753783797e-109 -1.46924129825e-109 7.73208103937e-168 5.83062009296e-170 1.19555714185e-112 2.0327635412e-111 -1.89025030103e-110 -1.52665388881e-109 1.50324566577e-109 1.90910060592e-110 2.2332030695e-169 6.34935968334e-168 1.19450563538e-112 1.07663280433e-111 1.54371551533e-111 -8.75260911147e-110 -1.92052493076e-109 2.76838785307e-109 
1.01905616485e-159 1.31469225475e-111 1.14697741856 25.790141535 -2.5186513592 -1.89694609498 -9.74118537189 -11.7803361275 2.34448088872e-168 3.48350281028e-170 0.00171585165577 0.0283517736128 18.7265671388 -16.689380994 -14.6313862039 12.5641324338 8.09402071584e-170 1.94111211188e-168 0.00345174479411 0.0102951893883 0.026448777211 -0.183518936311 -18.4844587341 18.6277819591 
-1.51137661991e-158 -3.00159973546e-110 25.790141535 800599.416793 44602.0461135 -280804.981601 -234563.122547 -329858.1489 -2.03589992073e-166 -1.44975133708e-168 -0.462025019345 8.59715534773 482578.74166 183207.340153 -394125.640444 -271668.5765 -5.76667212326e-168 -1.67170900973e-166 -0.691720575829 -2.76583381334 -15.5509578076 101761.831215 334426.801391 -436169.624094 
-3.10699604056e-158 -6.3488594588e-110 -2.5186513592 44602.0461135 1342864.757 -271694.379467 -440629.938279 -675138.966714 -4.23319849354e-166 -3.02613694648e-168 -0.9501454658 -11.3499157734 5897.38214157 827987.72139 -303186.657522 -530686.145948 -1.19997413201e-167 -3.47604686064e-166 -1.42170632488 -5.66278748366 -10.0004844492 -89995.9004435 517631.302617 -427618.317195 
-6.52862248436e-158 5.82404797012e-110 -1.89694609498 -280804.981601 -271694.379467 2398876.19393 -483340.689878 -1363033.24603 -8.89529182328e-166 -6.36762607889e-168 -1.99599631982 -4.51842042874 -144717.455481 1042288.40579 131053.515968 -1028617.95186 -2.5222379728e-167 -7.30435348008e-166 -2.98258089504 -6.56121903354 44.1878481591 320354.341254 723491.60938 -1043880.59468 
-5.04946167641e-158 1.80753783797e-109 -9.74118537189 -234563.122547 -440629.938279 -483340.689878 1857771.33157 -699226.83968 -6.87221228465e-166 -4.91972700805e-168 0.492933583104 13.7790613281 -130611.97798 -669099.720403 810751.006433 -11053.5800458 -1.94863846882e-167 -5.64297724505e-166 -0.220656890665 3.8335061952 30.586372421 -153404.140999 -740627.993331 893997.935109 
-7.02204849725e-158 -1.46924129825e-109 -11.7803361275 -329858.1489 -675138.966714 -1363033.24603 -699226.83968 3067269.98166 -9.56761933538e-166 -6.84991535715e-168 2.91351737021 -6.53623224726 -213165.416908 -1384367.05755 -244477.593049 1842013.69023 -2.71298068133e-167 -7.85373872928e-166 5.31321294162 11.146038946 -49.2492271006 -178715.947507 -834903.235599 1013651.97308 
3.15034562383e-165 7.73208103937e-168 2.34448088872e-168 -2.03589992073e-166 -4.23319849354e-166 -8.89529182328e-166 -6.87221228465e-166 -9.56761933538e-166 1.0 2.24231894148e-167 2.32030540449e-168 3.0697304383e-168 -1.3193968967e-166 -9.96877044766e-166 -1.24183072262e-165 -7.90581846075e-166 8.88419584554e-167 2.57271197808e-165 4.87340523364e-166 8.48757265209e-168 6.86951935134e-169 -5.73713269709e-166 -1.24779101741e-165 -1.33656469737e-165 
2.25200154986e-167 5.83062009296e-170 3.48350281028e-170 -1.44975133708e-168 -3.02613694648e-168 -6.36762607889e-168 -4.91972700805e-168 -6.84991535715e-168 2.24231894148e-167 1.0 1.86356912352e-170 2.26723955387e-170 -9.44392995068e-169 -7.13779751465e-168 -8.89190337057e-168 -5.66096533369e-168 6.43938073303e-169 1.84198347021e-167 3.48399520604e-168 6.06932231044e-170 4.91978536638e-171 -4.10809294794e-168 -8.93481624144e-168 -9.57047180054e-168 
1.30718091198e-157 1.19555714185e-112 0.00171585165577 -0.462025019345 -0.9501454658 -1.99599631982 0.492933583104 2.91351737021 2.32030540449e-168 1.86356912352e-170 1.00175285133 0.00697596118321 -0.292062156716 1.23056417381 -2.66611965763 1.71888882803 6.71946392283e-170 2.03487666016e-168 0.00262927698793 0.0070052456255 0.00595161521914 2.29182998584 -2.80082845256 0.493412328887 
9.7952071497e-158 2.0327635412e-111 0.0283517736128 8.59715534773 -11.3499157734 -4.51842042874 13.7790613281 -6.53623224726 3.0697304383e-168 2.26723955387e-170 0.00697596118321 1.10547779395 17.2333499276 -5.48355518221 -17.4415607045 5.57931220399 8.74418361634e-170 2.67643182169e-168 0.0113419090601 0.0409699906958 0.120697767802 22.3338322775 -13.8669509773 -8.63989096773 
-6.28244357369e-159 -1.89025030103e-110 18.7265671388 482578.74166 5897.38214157 -144717.455481 -130611.97798 -213165.416908 -1.3193968967e-166 -9.44392995068e-169 -0.292062156716 17.2333499276 489620.190163 -42466.8891884 -270883.622714 -176285.619547 -3.74109194332e-168 -1.08342076542e-166 -0.435020348061 -1.72806445602 12.1566026034 184903.278519 109559.866467 -294473.138504 
-7.31646088188e-158 -1.52665388881e-109 -16.689380994 183207.340153 827987.72139 1042288.40579 -669099.720403 -1384367.05755 -9.96877044766e-166 -7.13779751465e-168 1.23056417381 -5.48355518221 -42466.8891884 2942640.61204 -1610582.0279 -1289586.44197 -2.82676385343e-167 -8.18585362706e-166 0.11756758803 -1.79012234724 38.3660340446 1055278.84758 1028203.7341 -2083519.27516 
-9.11426585141e-158 1.50324566577e-109 -14.6313862039 -394125.640444 -303186.657522 131053.515968 810751.006433 -244477.593049 -1.24183072262e-165 -8.89190337057e-168 -2.66611965763 -17.4415607045 -270883.622714 -1610582.0279 3023400.43775 -1141913.67946 -3.52137254971e-167 -1.01972922549e-165 -4.03385918278 -8.80682863324 -36.3993489025 -498898.682601 320166.230863 178781.691774 
-5.80804549609e-158 1.90910060592e-110 12.5641324338 -271668.5765 -530686.145948 -1028617.95186 -11053.5800458 1842013.69023 -7.90581846075e-166 -5.66096533369e-168 1.71888882803 5.57931220399 -176285.619547 -1289586.44197 -1141913.67946 2607779.44277 -2.24180770294e-167 -6.49186456528e-166 4.33734075676 12.2770402002 -14.2499371285 -741308.069161 -1457913.16365 2199218.86837 
8.93007241588e-167 2.2332030695e-169 8.09402071584e-170 -5.76667212326e-168 -1.19997413201e-167 -2.5222379728e-167 -1.94863846882e-167 -2.71298068133e-167 8.88419584554e-167 6.43938073303e-169 6.71946392283e-170 8.74418361634e-170 -3.74109194332e-168 -2.82676385343e-167 -3.52137254971e-167 -2.24180770294e-167 1.0 7.29493625651e-167 1.38144812499e-167 2.40607629767e-169 1.94770873277e-170 -1.62684850793e-167 -3.53828992526e-167 -3.7900194812e-167 
2.58659206068e-165 6.34935968334e-168 1.94111211188e-168 -1.67170900973e-166 -3.47604686064e-166 -7.30435348008e-166 -5.64297724505e-166 -7.85373872928e-166 2.57271197808e-165 1.84198347021e-167 2.03487666016e-168 2.67643182169e-168 -1.08342076542e-166 -8.18585362706e-166 -1.01972922549e-165 -6.49186456528e-166 7.29493625651e-167 1.0 4.00234898127e-166 6.9687393861e-168 5.64023941482e-169 -4.71105016919e-166 -1.02462389908e-165 -1.0975203418e-165 
-1.48815697205e-163 1.19450563538e-112 0.00345174479411 -0.691720575829 -1.42170632488 -2.98258089504 -0.220656890665 5.31321294162 4.87340523364e-166 3.48399520604e-168 0.00262927698793 0.0113419090601 -0.435020348061 0.11756758803 -4.03385918278 4.33734075676 1.38144812499e-167 4.00234898127e-166 1.00438289913 0.0113858357234 0.00936640645956 1.65371537627 -4.18587823736 2.50702771978 
-5.96990414018e-163 1.07663280433e-111 0.0102951893883 -2.76583381334 -5.66278748366 -6.56121903354 3.8335061952 11.146038946 8.48757265209e-168 6.06932231044e-170 0.0070052456255 0.0409699906958 -1.72806445602 -1.79012234724 -8.80682863324 12.2770402002 2.40607629767e-169 6.9687393861e-168 0.0113858357234 1.03324789455 0.0514701162471 3.10745968985 -10.1380528636 6.93448932726 
-6.26785808402e-162 1.54371551533e-111 0.026448777211 -15.5509578076 -10.0004844492 44.1878481591 30.586372421 -49.2492271006 6.86951935134e-169 4.91978536638e-171 0.00595161521914 0.120697767802 12.1566026034 38.3660340446 -36.3993489025 -14.2499371285 1.94770873277e-170 5.64023941482e-169 0.00936640645956 0.0514701162471 1.7334685239 64.1531731905 -2.93900199701 -62.0084762401 
6.67870705057e-158 -8.75260911147e-110 -0.183518936311 101761.831215 -89995.9004435 320354.341254 -153404.140999 -178715.947507 -5.73713269709e-166 -4.10809294794e-168 2.29182998584 22.3338322775 184903.278519 1055278.84758 -498898.682601 -741308.069161 -1.62684850793e-167 -4.71105016919e-166 1.65371537627 3.10745968985 64.1531731905 1858201.38357 -581025.389217 -1277243.90871 
2.96148575624e-158 -1.92052493076e-109 -18.4844587341 334426.801391 517631.302617 723491.60938 -740627.993331 -834903.235599 -1.24779101741e-165 -8.93481624144e-168 -2.80082845256 -13.8669509773 109559.866467 1028203.7341 320166.230863 -1457913.16365 -3.53828992526e-167 -1.02462389908e-165 -4.18587823736 -10.1380528636 -2.93900199701 -581025.389217 2997564.78027 -2416521.12812 
-9.63949170798e-158 2.76838785307e-109 18.6277819591 -436169.624094 -427618.317195 -1043880.59468 893997.935109 1013651.97308 -1.33656469737e-165 -9.57047180054e-168 0.493412328887 -8.63989096773 -294473.138504 -2083519.27516 178781.691774 2199218.86837 -3.7900194812e-167 -1.0975203418e-165 2.50702771978 6.93448932726 -62.0084762401 -1277243.90871 -2416521.12812 3693818.60378 
1220986.38381 109227.838168 -423544.895997 -394418.980748 -352655.472126 -157729.808233 -1863.41752584 -1.64734551514 1113701.29384 194569.06042 -273905.710945 -358476.786314 -403735.514226 -271576.95761 -568.871227036 -6.51394064328 1148002.2717 14293.396828 -234760.866067 -207696.695711 -195453.096675 -524324.577423 -60.4326538665 7.71057491765e-110 
109227.838168 1151742.14001 -86463.4921214 -442964.047641 -501568.333762 -228060.623457 -1898.77957809 -14.7016180511 121209.840459 984626.624183 173530.363762 -312881.288483 -562474.409412 -403829.933642 -182.047822083 0.850953797997 619324.320535 535612.588275 -15845.5703931 -98989.5795579 -244431.638664 -795553.138851 -116.981344103 -1.36917265616e-110 
-423544.895997 -86463.4921214 1101630.56715 37538.9404861 -423141.971768 -205574.021827 -458.474447464 13.3485280036 -396639.544231 -87634.4877576 578696.762038 560424.036678 -288578.258665 -366694.617144 415.655918083 10.4531646271 -391066.451204 167019.483437 389134.447971 305408.456274 140043.054064 -610502.630258 -36.3602836102 -2.28561397466e-110 
-394418.980748 -442964.047641 37538.9404861 1109842.6552 -167267.481298 -143550.967884 804.486560999 15.3953234947 -366242.279157 -411414.790145 20274.02834 455884.708383 570093.425421 -268976.83046 374.517497417 7.22012129891 -544230.996578 -191525.117624 148831.918868 211731.421738 380996.507807 -5841.64069189 37.9064817562 -1.83503419785e-110 
-352655.472126 -501568.333762 -423141.971768 -167267.481298 1474520.61404 -30476.8320911 599.341144 -9.86413452322 -325434.429401 -468287.368852 -333616.238321 -214460.859159 780690.233292 561193.555359 -77.5667702473 -7.3261479455 -567251.296944 -355571.079358 -191148.757724 -132899.961138 -58967.0173157 1305900.00347 -61.8909889293 -1.5186938208e-110 
-157729.808233 -228060.623457 -205574.021827 -143550.967884 -30476.8320911 763161.266103 2237.31833881 -6.33094946428 -144869.887557 -210399.952673 -165214.583256 -132158.717413 -96809.9253371 749489.136684 -30.6233052618 -5.44714218048 -262539.588902 -170261.647914 -98506.3654995 -78861.0138209 -23027.8456041 632961.996623 234.465117145 -6.89229212689e-111 
-1863.41752584 -1898.77957809 -458.474447464 804.486560999 599.341144 2237.31833881 576.062607171 3.46290041917 -1728.43205864 -1445.43422602 209.905859912 1645.86980121 830.709910118 419.617787514 67.0892668065 0.673659094908 -2264.2540487 398.646745315 2269.59159411 1308.32682837 855.477179992 -2570.85866353 3.0703644382 -1.26115984456e-112 
-1.64734551514 -14.7016180511 13.3485280036 15.3953234947 -9.86413452322 -6.33094946428 3.46290041917 0.337295636265 3.43810390157 -13.6509489163 25.4725218456 23.0365070967 -16.2609839257 -23.9709742748 1.84644232268 0.0893319502942 25.9954399358 33.7296099682 25.6012513286 -0.95461255659 -15.440791762 -69.1542040834 0.22330716944 -2.19457046011e-114 
1113701.29384 121209.840459 -396639.544231 -366242.279157 -325434.429401 -144869.887557 -1728.43205864 3.43810390157 1183164.65251 133248.910427 -334902.740442 -352752.200019 -377438.350411 -250733.166527 -579.91763635 -7.18789946116 1213387.94972 -37993.1012616 -245398.959382 -250152.009778 -192624.74087 -487125.800914 -93.3375144221 -1.47934828539e-110 
194569.06042 984626.624183 -87634.4877576 -411414.790145 -468287.368852 -210399.952673 -1445.43422602 -13.6509489163 133248.910427 1216755.04603 -32993.8480901 -394039.97055 -545125.116838 -377588.959135 -255.3256887 -0.736159285871 627240.153517 757590.494634 -54893.14798 -303940.694516 -272784.660708 -753060.166983 -151.977965417 -2.29862132331e-110 
-273905.710945 173530.363762 578696.762038 20274.02834 -333616.238321 -165214.583256 209.905859912 25.4725218456 -334902.740442 -32993.8480901 908276.693794 167175.941116 -391697.782726 -316494.747217 620.303264839 16.1803006529 -234453.605946 192990.804531 513989.084145 311843.522794 -140518.0731 -643821.806864 -29.9255583014 3.8806305677e-110 
-358476.786314 -312881.288483 560424.036678 455884.708383 -214460.859159 -132158.717413 1645.86980121 23.0365070967 -352752.200019 -394039.97055 167175.941116 1017123.80464 -163242.153837 -274866.887502 592.049460981 9.41669110374 -495372.18508 -178722.382583 238350.988237 538497.179188 384154.02879 -486864.005899 -43.6226530575 2.63124637559e-110 
-403735.514226 -562474.409412 -288578.258665 570093.425421 780690.233292 -96809.9253371 830.709910118 -16.2609839257 -377438.350411 -545125.116838 -391697.782726 -163242.153837 1664628.22528 -186984.091186 -132.773720524 -7.95656570972 -658298.782096 -423021.854071 -237062.999089 -104739.458017 324459.522781 1098608.15358 55.4169103009 -1.59755194557e-110 
-271576.95761 -403829.933642 -366694.617144 -268976.83046 561193.555359 749489.136684 419.617787514 -23.9709742748 -250733.166527 -377588.959135 -316494.747217 -274866.887502 -186984.091186 1406974.13525 -295.613021322 -10.6706651189 -452898.098296 -311550.771738 -215440.719858 -191514.187454 -102442.265204 1273585.90751 260.135037806 -1.13204804267e-110 
-568.871227036 -182.047822083 415.655918083 374.517497417 -77.5667702473 -30.6233052618 67.0892668065 1.84644232268 -579.91763635 -255.3256887 620.303264839 592.049460981 -132.773720524 -295.613021322 50.4081792201 0.869161855654 373.305309704 689.906973592 449.993923311 11.7576752529 -235.9573413 -1292.2459712 3.23943064377 -4.21364647299e-113 
-6.51394064328 0.850953797997 10.4531646271 7.22012129891 -7.3261479455 -5.44714218048 0.673659094908 0.0893319502942 -7.18789946116 -0.736159285871 16.1803006529 9.41669110374 -7.95656570972 -10.6706651189 0.869161855654 0.0851359633855 21.2628712771 16.9035144425 5.76000357871 -6.10989149996 -7.85434814813 -30.0344620975 0.0723124473993 -9.36998711319e-115 
1148002.2717 619324.320535 -391066.451204 -544230.996578 -567251.296944 -262539.588902 -2264.2540487 25.9954399358 1213387.94972 627240.153517 -234453.605946 -495372.18508 -658298.782096 -452898.098296 373.305309704 21.2628712771 2072744.52284 54725.5502418 -397285.147486 -458745.317025 -363928.834736 -907253.785328 -256.988509647 -2.74361937967e-110 
14293.396828 535612.588275 167019.483437 -191525.117624 -355571.079358 -170261.647914 398.646745315 33.7296099682 -37993.1012616 757590.494634 192990.804531 -178722.382583 -423021.854071 -311550.771738 689.906973592 16.9035144425 54725.5502418 1028146.82747 52652.7906588 -257086.333358 -237757.993274 -640554.804067 -126.037669835 -1.95400196743e-110 
-234760.866067 -15845.5703931 389134.447971 148831.918868 -191148.757724 -98506.3654995 2269.59159411 25.6012513286 -245398.959382 -54893.14798 513989.084145 238350.988237 -237062.999089 -215440.719858 449.993923311 5.76000357871 -397285.147486 52652.7906588 694589.15502 202838.796606 -99362.8749357 -453440.50236 7.78249749832 -1.41220592197e-110 
-207696.695711 -98989.5795579 305408.456274 211731.421738 -132899.961138 -78861.0138209 1308.32682837 -0.95461255659 -250152.009778 -303940.694516 311843.522794 538497.179188 -104739.458017 -191514.187454 11.7576752529 -6.10989149996 -458745.317025 -257086.333358 202838.796606 841200.89708 57396.4644918 -385673.332427 68.8246325226 -1.24849316286e-110 
-195453.096675 -244431.638664 140043.054064 380996.507807 -58967.0173157 -23027.8456041 855.477179992 -15.440791762 -192624.74087 -272784.660708 -140518.0731 384154.02879 324459.522781 -102442.265204 -235.9573413 -7.85434814813 -363928.834736 -237757.993274 -99362.8749357 57396.4644918 827111.250933 -183500.805161 42.7926826575 -9.21300871428e-111 
-524324.577423 -795553.138851 -610502.630258 -5841.64069189 1305900.00347 632961.996623 -2570.85866353 -69.1542040834 -487125.800914 -753060.166983 -643821.806864 -486864.005899 1098608.15358 1273585.90751 -1292.2459712 -30.0344620975 -907253.785328 -640554.804067 -453440.50236 -385673.332427 -183500.805161 2570168.56264 254.666704526 2.7434981285e-110 
-60.4326538665 -116.981344103 -36.3602836102 37.9064817562 -61.8909889293 234.465117145 3.0703644382 0.22330716944 -93.3375144221 -151.977965417 -29.9255583014 -43.6226530575 55.4169103009 260.135037806 3.23943064377 0.0723124473993 -256.988509647 -126.037669835 7.78249749832 68.8246325226 42.7926826575 254.666704526 8.9596622773 5.45705475907e-110 
7.71057491765e-110 -1.36917265616e-110 -2.28561397466e-110 -1.83503419785e-110 -1.5186938208e-110 -6.89229212689e-111 -1.26115984456e-112 -2.19457046011e-114 -1.47934828539e-110 -2.29862132331e-110 3.8806305677e-110 2.63124637559e-110 -1.59755194557e-110 -1.13204804267e-110 -4.21364647299e-113 -9.36998711319e-115 -2.74361937967e-110 -1.95400196743e-110 -1.41220592197e-110 -1.24849316286e-110 -9.21300871428e-111 2.7434981285e-110 5.45705475907e-110 7.90684157891e-112 
489818.945736 94579.4134928 -86093.6150907 -135951.276958 -114770.033186 -120251.128127 -84342.7062206 -42989.5996468 426955.909807 139133.728438 -24309.9874321 -96907.1371212 -140913.799802 -151716.83469 -98967.450907 -53274.4282921 382153.544936 103454.03865 -32054.6989601 -80776.5092985 -71156.3853625 -114076.4973 -103872.583624 -83670.9090409 
94579.4134928 490392.234612 92970.880171 -117391.134264 -140852.903835 -174588.667872 -130813.160773 -114296.661531 69026.3614949 308912.021377 220014.239809 4265.04111171 -137005.079539 -208341.023754 -175415.648938 -81455.911562 158123.467006 198854.6071 121925.701617 25200.4310212 -22354.193973 -186288.675198 -172983.763369 -122477.574203 
-86093.6150907 92970.880171 564634.927405 87127.1339498 -121416.895538 -217507.959856 -174410.640733 -145303.830309 -74898.7548926 30141.5264382 261076.577149 211441.386091 107012.981935 -220606.873552 -221821.678672 -92345.1644966 -11233.5751826 65594.0615984 108057.312604 115222.107859 60411.1610098 -63923.9129863 -146907.443572 -127219.71133 
-135951.276958 -117391.134264 87127.1339498 490478.807643 76910.9682145 -141298.272287 -133637.477208 -126238.74909 -115548.468051 -87014.3036027 -3382.89866162 145916.692418 256441.870713 38271.3245485 -155679.336584 -79004.8807796 -110947.604527 -45395.8377472 13287.9730207 40882.8828741 53414.5644118 92812.459518 37600.8139712 -81655.2515214 
-114770.033186 -140852.903835 -121416.895538 76910.9682145 366492.322685 67649.6328984 -52838.7956924 -81174.295546 -95382.3449971 -100174.671935 -97192.0974929 -20521.8294764 146208.824849 262496.932871 -40075.9624083 -55358.85141 -113323.072971 -79670.722001 -37636.6842898 -3668.54975906 31572.584313 118213.194269 120184.060895 -35670.8104553 
-120251.128127 -174588.667872 -217507.959856 -141298.272287 67649.6328984 512934.990782 107766.107194 -34704.7027327 -102119.885663 -124859.525194 -145275.827178 -86591.5585509 -44111.8522104 270657.434453 244723.098649 -12421.8843054 -136021.584414 -106774.860492 -51795.7841017 -37290.0448893 -8658.66665761 82293.6641207 241738.430711 16508.8457227 
-84342.7062206 -130813.160773 -174410.640733 -133637.477208 -52838.7956924 107766.107194 391775.363481 76501.3099523 -74581.2063141 -88579.674644 -119169.963121 -67107.1021299 -75160.8922915 54829.8007351 277088.442751 92680.5950142 -107918.57567 -76511.5655604 -48697.3327175 -15375.7469215 -5223.15001514 40690.9261484 22109.3205288 190926.124207 
-42989.5996468 -114296.661531 -145303.830309 -126238.74909 -81174.295546 -34704.7027327 76501.3099523 468206.528902 -33451.6113833 -77559.1008782 -91760.043072 -90495.4923423 -112472.053655 -45590.7606107 170148.53611 281180.525832 -60832.5991777 -59549.7215473 -73086.4871727 -44194.5708859 -38005.9137265 30278.8414284 2131.16446052 243259.286621 
426955.909807 69026.3614949 -74898.7548926 -115548.468051 -95382.3449971 -102119.885663 -74581.2063141 -33451.6113833 452166.781004 111820.875294 -46765.3787952 -104286.285611 -136434.262346 -142136.973433 -88207.7654933 -46156.9906193 407310.787674 104963.565988 -38577.7927846 -85407.3215763 -71580.7368123 -129929.267831 -109026.784358 -77752.4503007 
139133.728438 308912.021377 30141.5264382 -87014.3036027 -100174.671935 -124859.525194 -88579.674644 -77559.1008782 111820.875294 374340.158016 117032.349498 -77418.5298429 -148353.013996 -174101.493721 -138925.271619 -64395.0736283 197788.702711 279385.085515 107014.199799 -71927.6072653 -89187.3527681 -164326.760839 -158715.024288 -100031.242865 
-24309.9874321 220014.239809 261076.577149 -3382.89866162 -97192.0974929 -145275.827178 -119169.963121 -91760.043072 -46765.3787952 117032.349498 448619.555459 124082.683585 -171658.619258 -224739.37815 -177795.311395 -68775.9009435 50983.7321477 163651.330165 252371.208583 140028.168258 -67523.9387604 -234417.62567 -196861.155727 -108231.718997 
-96907.1371212 4265.04111171 211441.386091 145916.692418 -20521.8294764 -86591.5585509 -67107.1021299 -90495.4923423 -104286.285611 -77418.5298429 124082.683585 478162.721358 6065.655997 -191241.676587 -162197.52062 -73167.0482778 -85711.3337561 25.0161843207 164331.826753 261173.46159 100543.857519 -165021.561686 -177821.301364 -97519.9652402 
-140913.799802 -137005.079539 107012.981935 256441.870713 146208.824849 -44111.8522104 -75160.8922915 -112472.053655 -136434.262346 -148353.013996 -171658.619258 6065.655997 620308.650923 70174.6005193 -139641.870671 -100461.141169 -171696.766075 -145108.162399 -103115.968582 -4505.72826629 166836.105461 294359.9058 81712.7459828 -118482.131921 
-151716.83469 -208341.023754 -220606.873552 38271.3245485 262496.932871 270657.434453 54829.8007351 -45590.7606107 -142136.973433 -174101.493721 -224739.37815 -191241.676587 70174.6005193 687780.334296 37396.3529189 -63131.7658432 -195375.190795 -184199.769024 -160475.442009 -100295.067308 52527.1299126 382598.212296 270855.532467 -65635.4055395 
-98967.450907 -175415.648938 -221821.678672 -155679.336584 -40075.9624083 244723.098649 277088.442751 170148.53611 -88207.7654933 -138925.271619 -177795.311395 -162197.52062 -139641.870671 37396.3529189 621071.543799 48299.8430802 -132499.963861 -151993.84183 -147554.474169 -82301.9178709 -46162.4285369 89567.5234821 278788.920743 192156.182042 
-53274.4282921 -81455.911562 -92345.1644966 -79004.8807796 -55358.85141 -12421.8843054 92680.5950142 281180.525832 -46156.9906193 -64395.0736283 -68775.9009435 -73167.0482778 -100461.141169 -63131.7658432 48299.8430802 367788.077401 -70799.9680453 -66723.2246008 -73993.5575905 -56763.9875614 -45452.6360143 -72830.4255522 11067.066544 375496.732821 
382153.544936 158123.467006 -11233.5751826 -110947.604527 -113323.072971 -136021.584414 -107918.57567 -60832.5991777 407310.787674 197788.702711 50983.7321477 -85711.3337561 -171696.766075 -195375.190795 -132499.963861 -70799.9680453 594526.536073 180187.145668 -39131.5534709 -122975.058795 -114474.058206 -203714.259652 -176441.235279 -117977.516338 
103454.03865 198854.6071 65594.0615984 -45395.8377472 -79670.722001 -106774.860492 -76511.5655604 -59549.7215473 104963.565988 279385.085515 163651.330165 25.0161843207 -145108.162399 -184199.769024 -151993.84183 -66723.2246008 180187.145668 424140.24601 107319.337958 -81958.1617331 -105970.152036 -212705.947298 -196212.893672 -114799.574897 
-32054.6989601 121925.701617 108057.312604 13287.9730207 -37636.6842898 -51795.7841017 -48697.3327175 -73086.4871727 -38577.7927846 107014.199799 252371.208583 164331.826753 -103115.968582 -160475.442009 -147554.474169 -73993.5575905 -39131.5534709 107319.337958 433173.853386 146169.647898 -78499.1380093 -239931.812953 -211623.231502 -117477.103307 
-80776.5092985 25200.4310212 115222.107859 40882.8828741 -3668.54975906 -37290.0448893 -15375.7469215 -44194.5708859 -85407.3215763 -71927.6072653 140028.168258 261173.46159 -4505.72826629 -100295.067308 -82301.9178709 -56763.9875614 -122975.058795 -81958.1617331 146169.647898 495237.51785 40635.9415251 -191099.164199 -198370.560958 -87640.1615877 
-71156.3853625 -22354.193973 60411.1610098 53414.5644118 31572.584313 -8658.66665761 -5223.15001514 -38005.9137265 -71580.7368123 -89187.3527681 -67523.9387604 100543.857519 166836.105461 52527.1299126 -46162.4285369 -45452.6360143 -114474.058206 -105970.152036 -78499.1380093 40635.9415251 348058.052733 53765.95173 -75988.7033576 -67527.8943788 
-114076.4973 -186288.675198 -63923.9129863 92812.459518 118213.194269 82293.6641207 40690.9261484 30278.8414284 -129929.267831 -164326.760839 -234417.62567 -165021.561686 294359.9058 382598.212296 89567.5234821 -72830.4255522 -203714.259652 -212705.947298 -239931.812953 -191099.164199 53765.95173 810991.949731 90886.7749497 -108193.492309 
-103872.583624 -172983.763369 -146907.443572 37600.8139712 120184.060895 241738.430711 22109.3205288 2131.16446052 -109026.784358 -158715.024288 -196861.155727 -177821.301364 81712.7459828 270855.532467 278788.920743 11067.066544 -176441.235279 -196212.893672 -211623.231502 -198370.560958 -75988.7033576 90886.7749497 723805.116398 43944.73342 
-83670.9090409 -122477.574203 -127219.71133 -81655.2515214 -35670.8104553 16508.8457227 190926.124207 243259.286621 -77752.4503007 -100031.242865 -108231.718997 -97519.9652402 -118482.131921 -65635.4055395 192156.182042 375496.732821 -117977.516338 -114799.574897 -117477.103307 -87640.1615877 -67527.8943788 -108193.492309 43944.73342 569671.009396 
447562.0 -510781.5 43150.5 16725.0 3010.5 334.5 1.27113975659e-144 -7.49778112002e-137 562629.0 -603103.5 30105.0 9031.5 1003.5 334.5 -2.99869285908e-147 -7.49778082747e-137 1173426.0 -612469.5 -553932.0 -8362.5 1672.5 -334.5 1.60452509712e-133 2.24933424826e-135 
-510781.5 582933.25 -49245.75 -19087.5 -3435.75 -381.75 -1.23875602185e-144 6.30972266477e-137 -642103.5 688295.25 -34357.5 -10307.25 -1145.25 -381.75 -1.09886634091e-147 6.30972261131e-137 -1339179.0 698984.25 632178.0 9543.75 -1908.75 381.75 -1.35028063884e-133 -1.89291678339e-135 
43150.5 -49245.75 4161.25 1612.5 290.25 32.25 -1.20018180996e-145 9.02588403708e-138 54244.5 -58146.75 2902.5 870.75 96.75 32.25 2.00079585664e-147 9.02588397483e-138 113133.0 -59049.75 -53406.0 -806.25 161.25 -32.25 -1.93153917065e-134 -2.70776519247e-136 
16725.0 -19087.5 1612.5 626.0 112.5 12.5 -1.9963566426e-146 2.18300450844e-138 21025.0 -22537.5 1125.0 337.5 37.5 12.5 9.44326238089e-148 2.18300449622e-138 43850.0 -22887.5 -20700.0 -312.5 62.5 -12.5 -4.67162962203e-135 -6.54901348877e-137 
3010.5 -3435.75 290.25 112.5 21.25 2.25 -4.07651205582e-147 5.45751129086e-139 3784.5 -4056.75 202.5 60.75 6.75 2.25 6.07617208264e-148 5.45751124039e-139 7893.0 -4119.75 -3726.0 -56.25 11.25 -2.25 -1.16790740551e-135 -1.63725337219e-137 
334.5 -381.75 32.25 12.5 2.25 1.25 5.4100699705e-148 4.1980856673e-140 420.5 -450.75 22.5 6.75 0.75 0.25 3.21323635871e-148 4.1980855688e-140 877.0 -457.75 -414.0 -6.25 1.25 -0.25 -8.98390311931e-137 -1.25942567082e-138 
1.27113975659e-144 -1.23875602185e-144 -1.20018180996e-145 -1.9963566426e-146 -4.07651205582e-147 5.4100699705e-148 1.0 1.02783317678e-145 1.34136765673e-144 -1.33959474035e-144 -4.90473723843e-146 4.89521569834e-146 -1.44480294011e-147 -3.32302421076e-148 1.30215550235e-148 -3.08111644822e-149 -1.75553836778e-144 2.10932790169e-144 -3.2612220152e-145 -2.95423912369e-146 -2.68123183455e-147 2.52719052845e-147 2.06104606689e-147 -3.19459164472e-149 
-7.49778112002e-137 6.30972266477e-137 9.02588403708e-138 2.18300450844e-138 5.45751129086e-139 4.1980856673e-140 1.02783317678e-145 1.0 2.25353230455e-136 1.08772397686e-136 -1.85471419386e-136 -1.43868391205e-136 -4.91176011687e-138 4.19808560715e-140 9.32807108822e-149 8.3961710827e-140 1.48528268159e-136 1.11375208823e-136 8.02673967317e-137 3.23252589516e-138 2.9386599047e-139 -1.61500351871e-136 -1.79678062386e-136 -2.5188513424e-138 
562629.0 -642103.5 54244.5 21025.0 3784.5 420.5 1.34136765673e-144 2.25353230455e-136 707282.0 -758161.5 37845.0 11353.5 1261.5 420.5 -1.81698250081e-148 2.25353233383e-136 1475114.0 -769935.5 -696348.0 -10512.5 2102.5 -420.5 -4.82255919436e-133 -6.76059700148e-135 
-603103.5 688295.25 -58146.75 -22537.5 -4056.75 -450.75 -1.33959474035e-144 1.08772397686e-136 -758161.5 812703.25 -40567.5 -12170.25 -1352.25 -450.75 -2.55691639955e-148 1.08772397112e-136 -1581231.0 825323.25 746442.0 11268.75 -2253.75 450.75 -2.32772929821e-133 -3.26317191334e-135 
30105.0 -34357.5 2902.5 1125.0 202.5 22.5 -4.90473723843e-146 -1.85471419386e-136 37845.0 -40567.5 2026.0 607.5 67.5 22.5 1.2501488006e-148 -1.85471420471e-136 78930.0 -41197.5 -37260.0 -562.5 112.5 -22.5 3.96908839806e-133 5.56414261411e-135 
9031.5 -10307.25 870.75 337.5 60.75 6.75 4.89521569834e-146 -1.43868391205e-136 11353.5 -12170.25 607.5 183.25 20.25 6.75 5.6268219452e-149 -1.43868392475e-136 23679.0 -12359.25 -11178.0 -168.75 33.75 -6.75 3.07878359895e-133 4.31605177423e-135 
1003.5 -1145.25 96.75 37.5 6.75 0.75 -1.44480294011e-147 -4.91176011687e-138 1261.5 -1352.25 67.5 20.25 3.25 0.75 6.38753348209e-149 -4.91176011658e-138 2631.0 -1373.25 -1242.0 -18.75 3.75 -0.75 1.05111666495e-134 1.47352803497e-136 
334.5 -381.75 32.25 12.5 2.25 0.25 -3.32302421076e-148 4.19808560715e-140 420.5 -450.75 22.5 6.75 0.75 1.25 4.74268836024e-149 4.19808556955e-140 877.0 -457.75 -414.0 -6.25 1.25 -0.25 -8.98390311931e-137 -1.25942567091e-138 
-2.99869285908e-147 -1.09886634091e-147 2.00079585664e-147 9.44326238089e-148 6.07617208264e-148 3.21323635871e-148 1.30215550235e-148 9.32807108822e-149 -1.81698250081e-148 -2.55691639955e-148 1.2501488006e-148 5.6268219452e-149 6.38753348209e-149 4.74268836024e-149 1.0 -1.10355097763e-150 -1.11372948265e-147 2.04446697657e-147 -1.0293363403e-147 -4.09006326525e-149 1.05005837001e-149 7.71812484403e-150 3.5678445474e-150 1.17712925948e-148 
-7.49778082747e-137 6.30972261131e-137 9.02588397483e-138 2.18300449622e-138 5.45751124039e-139 4.1980855688e-140 -3.08111644822e-149 8.3961710827e-140 2.25353233383e-136 1.08772397112e-136 -1.85471420471e-136 -1.43868392475e-136 -4.91176011658e-138 4.19808556955e-140 -1.10355097763e-150 1.0 1.48528267457e-136 1.11375210164e-136 8.0267396093e-137 3.23252588869e-138 2.93865989879e-139 -1.61500351867e-136 -1.79678062384e-136 -2.51885134183e-138 
1173426.0 -1339179.0 113133.0 43850.0 7893.0 877.0 -1.75553836778e-144 1.48528268159e-136 1475114.0 -1581231.0 78930.0 23679.0 2631.0 877.0 -1.11372948265e-147 1.48528267457e-136 3076517.0 -1605787.0 -1452312.0 -21925.0 4385.0 -877.0 -3.17850492361e-133 -4.4558480237e-135 
-612469.5 698984.25 -59049.75 -22887.5 -4119.75 -457.75 2.10932790169e-144 1.11375208823e-136 -769935.5 825323.25 -41197.5 -12359.25 -1373.25 -457.75 2.04446697657e-147 1.11375210164e-136 -1605787.0 838141.25 758034.0 11443.75 -2288.75 457.75 -2.38342949748e-133 -3.34125630494e-135 
-553932.0 632178.0 -53406.0 -20700.0 -3726.0 -414.0 -3.2612220152e-145 8.02673967317e-137 -696348.0 746442.0 -37260.0 -11178.0 -1242.0 -414.0 -1.0293363403e-147 8.0267396093e-137 -1452312.0 758034.0 685585.0 10350.0 -2070.0 414.0 -1.7177222764e-133 -2.40802188279e-135 
-8362.5 9543.75 -806.25 -312.5 -56.25 -6.25 -2.95423912369e-146 3.23252589516e-138 -10512.5 11268.75 -562.5 -168.75 -18.75 -6.25 -4.09006326525e-149 3.23252588869e-138 -21925.0 11443.75 10350.0 157.25 -31.25 6.25 -6.91760540184e-135 -9.69757766605e-137 
1672.5 -1908.75 161.25 62.5 11.25 1.25 -2.68123183455e-147 2.9386599047e-139 2102.5 -2253.75 112.5 33.75 3.75 1.25 1.05005837001e-149 2.93865989879e-139 4385.0 -2288.75 -2070.0 -31.25 7.25 -1.25 -6.28873218349e-136 -8.81597969641e-138 
-334.5 381.75 -32.25 -12.5 -2.25 -0.25 2.52719052845e-147 -1.61500351871e-136 -420.5 450.75 -22.5 -6.75 -0.75 -0.25 7.71812484403e-150 -1.61500351867e-136 -877.0 457.75 414.0 6.25 -1.25 1.25 3.45610752996e-133 4.84501055601e-135 
1.60452509712e-133 -1.35028063884e-133 -1.93153917065e-134 -4.67162962203e-135 -1.16790740551e-135 -8.98390311931e-137 2.06104606689e-147 -1.79678062386e-136 -4.82255919436e-133 -2.32772929821e-133 3.96908839806e-133 3.07878359895e-133 1.05111666495e-134 -8.98390311931e-137 3.5678445474e-150 -1.79678062384e-136 -3.17850492361e-133 -2.38342949748e-133 -1.7177222764e-133 -6.91760540184e-135 -6.28873218349e-136 3.45610752996e-133 1.0 5.39034187152e-135 
2.24933424826e-135 -1.89291678339e-135 -2.70776519247e-136 -6.54901348877e-137 -1.63725337219e-137 -1.25942567082e-138 -3.19459164472e-149 -2.5188513424e-138 -6.76059700148e-135 -3.26317191334e-135 5.56414261411e-135 4.31605177423e-135 1.47352803497e-136 -1.25942567091e-138 1.17712925948e-148 -2.51885134183e-138 -4.4558480237e-135 -3.34125630494e-135 -2.40802188279e-135 -9.69757766605e-137 -8.81597969641e-138 4.84501055601e-135 5.39034187152e-135 1.0 
7189.701743 4327.88100045 1469.00297136 -5392.44188539 -12801.029987 -192.37954245 4349.02373712 1050.24196293 7037.67752551 4190.15175692 2202.59158863 -1169.76159082 -15833.3532561 -551.532743308 3777.55287628 346.673842913 8458.29564523 3685.14077555 1279.67053355 -8797.89485736 1528.74448675 -8584.97157312 1382.96918897 1048.04580044 
4327.88100045 14103.8685196 9827.11190977 -8616.97736396 -24255.9600125 -3373.3365738 4464.72274424 3522.68977624 4136.93854185 12675.1704132 10313.1553606 2647.59986179 -40052.7902282 -81.6216644368 8641.21238586 1720.33532935 7028.66417361 13440.2066346 9628.3963602 -16703.1897364 -4487.82158095 -18082.3845947 6861.90614765 2314.22259602 
1469.00297136 9827.11190977 310801.476718 13462.9111143 -187333.000411 -128624.411545 -19459.3874637 -143.703293286 1203.14531206 6959.10004481 14953.2721642 -8534.01687811 87061.3023498 -103995.349922 2383.34776215 -30.80083327 3018.92571886 10671.9653285 8027.96772099 -127016.945534 -111437.437892 37732.6474358 178877.608305 125.268917084 
-5392.44188539 -8616.97736396 13462.9111143 1463308.9139 -607824.570369 -659715.273112 -163955.905472 -31266.6568121 -7703.18817938 -13371.3871762 -16134.386247 -24078.9338114 620111.387409 -457617.981993 -84147.2352286 -17058.2747733 -11320.4792987 -12269.6041686 -38939.5214849 -500388.032084 -385750.313842 875154.806875 76216.2822802 -2703.13827689 
-12801.029987 -24255.9600125 -187333.000411 -607824.570369 1736188.06222 -622779.874111 -231153.46588 -50040.1614448 -14527.3785709 -22921.7012823 -29708.9616093 197338.084202 579949.425981 -548008.353912 -132256.068298 -29865.0465104 -20193.4174933 -28459.4373658 -11097.1401899 822205.74186 119754.151951 -625811.509417 -232333.228389 -24065.1609563 
-192.37954245 -3373.3365738 -128624.411545 -659715.273112 -622779.874111 1266156.02551 150896.721548 -2367.47217038 -95.7114869866 1585.89110105 -6522.480868 -146371.75133 -791027.282964 910359.878989 32403.9131487 -332.456590051 -59.5576304746 -6924.58115613 -6257.48454043 -102511.294481 383865.874224 -182937.398316 -81771.2438979 -3404.31420289 
4349.02373712 4464.72274424 -19459.3874637 -163955.905472 -231153.46588 150896.721548 215520.496888 39337.7938993 7702.20089673 6551.10686248 15343.8590155 -22545.9539845 -355046.304807 194824.1949 131388.483686 21782.4134298 9802.96071595 11636.4949318 23553.2574841 -43929.0072138 -3035.73354857 -45478.4813221 35071.2574409 12379.2515118 
1050.24196293 3522.68977624 -143.703293286 -31266.6568121 -50040.1614448 -2367.47217038 39337.7938993 39907.2680821 2246.31596113 4331.66828003 9552.9505954 2714.73353096 -85162.3844841 5070.76634445 37808.7936672 23437.1561049 3264.60816876 8219.81502009 13804.8541165 -22859.3779532 -437.463798839 -31992.7090889 15694.4489249 14305.8246107 
7037.67752551 4136.93854185 1203.14531206 -7703.18817938 -14527.3785709 -95.7114869866 7702.20089673 2246.31596113 8049.72592042 4166.16708162 2646.89638664 -985.833628448 -19126.5047423 -1805.11600303 6256.500471 798.164514119 9529.54820312 3899.57812248 1493.27744035 -9612.29709205 221.150472006 -7282.55841694 1029.24988965 722.051381372 
4190.15175692 12675.1704132 6959.10004481 -13371.3871762 -22921.7012823 1585.89110105 6551.10686248 4331.66828003 4166.16708162 13834.9293637 10761.600925 2834.414281 -41135.2207703 -183.986936163 8176.73477321 1545.36128184 7148.67602353 13663.5319097 8598.2896145 -15132.0794108 -2717.66735429 -18294.6179887 4669.60686395 2064.26034218 
2202.59158863 10313.1553606 14953.2721642 -16134.386247 -29708.9616093 -6522.480868 15343.8590155 9552.9505954 2646.89638664 10761.600925 26737.6222168 24520.1061206 -77910.0570706 -7579.31639469 16746.8434379 4076.30437832 4863.67395878 15851.5432285 27100.7603006 -15940.2122797 -956.36372525 -39924.6896044 5956.40591407 3048.8822074 
-1169.76159082 2647.59986179 -8534.01687811 -24078.9338114 197338.084202 -146371.75133 -22545.9539845 2714.73353096 -985.833628448 2834.414281 24520.1061206 250061.6519 -116494.919538 -153289.079988 -6267.6767422 -378.662404644 -28.7769999288 12011.0373903 52620.7453673 219095.875603 35461.5146097 -274851.929519 -43829.716629 -478.749822923 
-15833.3532561 -40052.7902282 87061.3023498 620111.387409 579949.425981 -791027.282964 -355046.304807 -85162.3844841 -19126.5047423 -41135.2207703 -77910.0570706 -116494.919538 1556070.90733 -980560.026446 -263051.824634 -57792.3541316 -29973.3945416 -64462.7727821 -139101.239488 126075.826964 -223111.162733 399892.710592 -29466.2640435 -39853.7039682 
-551.532743308 -81.6216644368 -103995.349922 -457617.981993 -548008.353912 910359.878989 194824.1949 5070.76634445 -1805.11600303 -183.986936163 -7579.31639469 -153289.079988 -980560.026446 1066852.03763 72432.9304034 4132.55773456 -2664.58376798 -240.102376319 15159.3725471 -215050.176873 196761.89572 -69.9314471722 2493.769953 3609.75624497 
3777.55287628 8641.21238586 2383.34776215 -84147.2352286 -132256.068298 32403.9131487 131388.483686 37808.7936672 6256.500471 8176.73477321 16746.8434379 -6267.6767422 -263051.824634 72432.9304034 140123.88384 25582.608451 9786.95290067 15234.6862821 26016.8952299 -72431.071879 -8119.23426787 -35010.8019901 49340.6825193 15181.891205 
346.673842913 1720.33532935 -30.80083327 -17058.2747733 -29865.0465104 -332.456590051 21782.4134298 23437.1561049 798.164514119 1545.36128184 4076.30437832 -378.662404644 -57792.3541316 4132.55773456 25582.608451 22036.0201764 1337.90422341 4042.4982253 8111.89898815 -17005.8650329 2459.86727939 -24458.181626 9806.26553249 15705.6124101 
8458.29564523 7028.66417361 3018.92571886 -11320.4792987 -20193.4174933 -59.5576304746 9802.96071595 3264.60816876 9529.54820312 7148.67602353 4863.67395878 -28.7769999288 -29973.3945416 -2664.58376798 9786.95290067 1337.90422341 12814.3919112 7628.54424469 6155.15238203 -11216.5199577 -2256.89194957 -15303.6652201 984.196144276 1194.7924452 
3685.14077555 13440.2066346 10671.9653285 -12269.6041686 -28459.4373658 -6924.58115613 11636.4949318 8219.81502009 3899.57812248 13663.5319097 15851.5432285 12011.0373903 -64462.7727821 -240.102376319 15234.6862821 4042.4982253 7628.54424469 25910.2968617 45084.8999665 -5510.81851358 -23804.3765614 -52846.4005987 1098.18977147 2439.6648293 
1279.67053355 9628.3963602 8027.96772099 -38939.5214849 -11097.1401899 -6257.48454043 23553.2574841 13804.8541165 1493.27744035 8598.2896145 27100.7603006 52620.7453673 -139101.239488 15159.3725471 26016.8952299 8111.89898815 6155.15238203 45084.8999665 212290.626108 107266.987593 -107534.210252 -238859.204726 -26366.6307622 1962.37969062 
-8797.89485736 -16703.1897364 -127016.945534 -500388.032084 822205.74186 -102511.294481 -43929.0072138 -22859.3779532 -9612.29709205 -15132.0794108 -15940.2122797 219095.875603 126075.826964 -215050.176873 -72431.071879 -17005.8650329 -11216.5199577 -5510.81851358 107266.987593 1431957.14988 -222033.598401 -1081201.61651 -197313.518335 -21948.0657529 
1528.74448675 -4487.82158095 -111437.437892 -385750.313842 119754.151951 383865.874224 -3035.73354857 -437.463798839 221.150472006 -2717.66735429 -956.36372525 35461.5146097 -223111.162733 196761.89572 -8119.23426787 2459.86727939 -2256.89194957 -23804.3765614 -107534.210252 -222033.598401 1089544.21694 -595523.997291 -138150.157835 -240.984650385 
-8584.97157312 -18082.3845947 37732.6474358 875154.806875 -625811.509417 -182937.398316 -45478.4813221 -31992.7090889 -7282.55841694 -18294.6179887 -39924.6896044 -274851.929519 399892.710592 -69.9314471722 -35010.8019901 -24458.181626 -15303.6652201 -52846.4005987 -238859.204726 -1081201.61651 -595523.997291 2083497.42987 -80832.5302158 -18930.0153069 
1382.96918897 6861.90614765 178877.608305 76216.2822802 -232333.228389 -81771.2438979 35071.2574409 15694.4489249 1029.24988965 4669.60686395 5956.40591407 -43829.716629 -29466.2640435 2493.769953 49340.6825193 9806.26553249 984.196144276 1098.18977147 -26366.6307622 -197313.518335 -138150.157835 -80832.5302158 425592.75376 14987.6974724 
1048.04580044 2314.22259602 125.268917084 -2703.13827689 -24065.1609563 -3404.31420289 12379.2515118 14305.8246107 722.051381372 2064.26034218 3048.8822074 -478.749822923 -39853.7039682 3609.75624497 15181.891205 15705.6124101 1194.7924452 2439.6648293 1962.37969062 -21948.0657529 -240.984650385 -18930.0153069 14987.6974724 20534.5312727 
7128.39271715 9369.65330634 4569.87031696 309.178846861 -5443.87516442 -3406.65152653 -14841.2608702 2314.69237379 6895.95374686 7426.12685947 3039.96300453 1625.9870203 758.924823206 -2790.49844192 -13954.6374455 -3001.819567 6439.2311429 8198.48888029 2817.64116548 597.066398214 -2011.54398823 -4083.01040608 3623.67115747 -15581.54435 
9369.65330634 31390.8746886 20350.3666726 5448.0148881 -13608.5046095 -10677.2487403 -32914.3994771 -9358.75672874 8638.5611615 23169.2706664 12941.7163767 8502.10254437 4878.79630206 1979.36949636 -41999.7560825 -18110.0604649 9016.23159497 25794.9793436 12007.3737535 4283.33169801 -3037.96361005 -8124.04537656 8221.94789137 -48161.8552949 
4569.87031696 20350.3666726 30015.1562531 15305.5638054 -16107.4588635 -12094.4675276 -35590.1868941 -6448.8437628 3276.97527818 12046.4262708 19609.5880934 19143.113926 12969.0797588 7604.79273303 -52325.5823525 -22324.3937078 5066.87441611 16055.4169468 18644.2342961 13110.3561536 3886.63788959 -3238.50477517 11525.9366652 -65050.9515921 
309.178846861 5448.0148881 15305.5638054 361907.099813 -1952.06202877 -85392.2422252 -162490.092613 -133135.460486 -257.836321072 2440.86148197 12606.2386972 19374.7612433 25904.086456 349294.264681 -222937.743062 -186424.633176 692.353720199 5024.83196286 12244.4445742 9565.55691358 -8937.39256482 -30028.0725694 29231.546302 -17793.2683386 
-5443.87516442 -13608.5046095 -16107.4588635 -1952.06202877 1259538.3677 -129394.513476 -587335.90441 -505696.049143 -5699.5401928 -11433.246184 -13059.3737266 -15792.097181 -23042.0082054 190455.136631 563407.935351 -684836.806492 -7226.14332889 -13807.3421179 -16242.7837783 -28648.3768601 -78971.8722881 -156836.236895 -200691.906837 502424.662105 
-3406.65152653 -10677.2487403 -12094.4675276 -85392.2422252 -129394.513476 1219457.11231 -377684.242642 -600807.746176 -3672.30169965 -8156.26778475 -11124.8539027 -6405.1941563 -3628.08962656 -49079.7851921 637902.00864 -555835.516279 -6037.95891671 -7844.99715031 -12847.5967397 -5268.74333578 1896.97742686 14442.872641 -62937.1625676 78596.6086422 
-14841.2608702 -32914.3994771 -35590.1868941 -162490.092613 -587335.90441 -377684.242642 1896776.95332 -685920.866417 -13349.827051 -24038.2992494 -27290.0200625 -25346.1306278 -14555.31846 -192618.42895 161103.491899 136094.532502 -13951.8886124 -29661.688415 -21879.817173 2683.1315614 85189.0818169 195012.516231 132497.327214 -349888.662623 
2314.69237379 -9358.75672874 -6448.8437628 -133135.460486 -505696.049143 -600807.746176 -685920.866417 1939053.03034 4168.015078 -1454.8720605 3276.74151986 -1102.54276885 -3285.47104808 -304844.850957 -1031195.71695 1334438.69718 6001.29998383 -3759.68945037 5256.50390183 3677.67747113 1986.07531788 -7145.51884994 78528.6401743 -84544.9885487 
6895.95374686 8638.5611615 3276.97527818 -257.836321072 -5699.5401928 -3672.30169965 -13349.827051 4168.015078 7649.57042721 8602.26317505 3267.788177 1535.84351705 680.969361046 -5237.48473953 -13957.5457975 -2541.40412037 7126.42475985 9022.74955139 3087.51382043 924.219459004 -1495.58207312 -3360.38511362 4099.78485355 -19404.7252575 
7426.12685947 23169.2706664 12046.4262708 2440.86148197 -11433.246184 -8156.26778475 -24038.2992494 -1454.8720605 8602.26317505 24280.6465114 11468.2977145 6159.8475849 4191.45369198 -8216.77389546 -34933.4848311 -11552.2499513 8689.45240282 24771.9989414 10900.8596753 4357.11455178 -1425.33394898 -4753.43507194 6108.52691306 -48649.1834635 
3039.96300453 12941.7163767 19609.5880934 12606.2386972 -13059.3737266 -11124.8539027 -27290.0200625 3276.74151986 3267.788177 11468.2977145 19383.5659779 17085.0719086 12259.876843 659.976326768 -46007.8843923 -18116.6925554 4946.09245569 15094.6907794 17881.4051626 13389.6525883 6519.62135772 2251.29167268 10732.6061715 -70815.3601878 
1625.9870203 8502.10254437 19143.113926 19374.7612433 -15792.097181 -6405.1941563 -25346.1306278 -1102.54276885 1535.84351705 6159.8475849 17085.0719086 28103.9879856 27319.8702521 12868.5507326 -57298.0484482 -35775.1235326 3225.51211866 10996.2683309 20522.8575489 25067.7033622 22378.2116532 20771.7979844 19910.6316368 -122872.982635 
758.924823206 4878.79630206 12969.0797588 25904.086456 -23042.0082054 -3628.08962656 -14555.31846 -3285.47104808 680.969361046 4191.45369198 12259.876843 27319.8702521 55423.6066475 49622.9331901 -80176.7119184 -69321.9980673 2096.84226044 7831.84034361 21310.4579584 38651.32894 54866.1321048 67074.3048914 38359.2921527 -230190.198651 
-2790.49844192 1979.36949636 7604.79273303 349294.264681 190455.136631 -49079.7851921 -192618.42895 -304844.850957 -5237.48473953 -8216.77389546 659.976326768 12868.5507326 49622.9331901 822927.151668 -324480.370211 -548143.983072 -4960.23744386 -7178.60281627 6452.62999648 32045.390357 80173.1608777 189902.281188 127139.909634 -423574.531793 
-13954.6374455 -41999.7560825 -52325.5823525 -222937.743062 563407.935351 637902.00864 161103.491899 -1031195.71695 -13957.5457975 -34933.4848311 -46007.8843923 -57298.0484482 -80176.7119184 -324480.370211 2203910.73753 -1647056.69193 -16290.4196952 -41894.1215907 -55270.8199641 -51754.0326293 3152.01446234 44934.4116743 55801.3980161 61321.5697265 
-3001.819567 -18110.0604649 -22324.3937078 -186424.633176 -684836.806492 -555835.516279 136094.532502 1334438.69718 -2541.40412037 -11552.2499513 -18116.6925554 -35775.1235326 -69321.9980673 -548143.983072 -1647056.69193 2332508.14323 -4833.66685839 -18644.8235397 -24884.904198 -62681.3766288 -164168.224434 -316820.267226 -262152.149377 854185.412261 
6439.2311429 9016.23159497 5066.87441611 692.353720199 -7226.14332889 -6037.95891671 -13951.8886124 6001.29998383 7126.42475985 8689.45240282 4946.09245569 3225.51211866 2096.84226044 -4960.23744386 -16290.4196952 -4833.66685839 8323.16924281 9887.91853447 4481.64790681 2180.24280358 -425.034797565 -2657.66671111 7132.76788655 -28923.0448656 
8198.48888029 25794.9793436 16055.4169468 5024.83196286 -13807.3421179 -7844.99715031 -29661.688415 -3759.68945037 9022.74955139 24771.9989414 15094.6907794 10996.2683309 7831.84034361 -7178.60281627 -41894.1215907 -18644.8235397 9887.91853447 29940.8646423 15642.4937634 8094.16503258 1858.03132676 -3066.79411356 7477.12046629 -69833.7996523 
2817.64116548 12007.3737535 18644.2342961 12244.4445742 -16242.7837783 -12847.5967397 -21879.817173 5256.50390183 3087.51382043 10900.8596753 17881.4051626 20522.8575489 21310.4579584 6452.62999648 -55270.8199641 -24884.904198 4481.64790681 15642.4937634 25152.6995126 24045.598717 20425.3213556 16441.9634702 10162.9607816 -116352.685507 
597.066398214 4283.33169801 13110.3561536 9565.55691358 -28648.3768601 -5268.74333578 2683.1315614 3677.67747113 924.219459004 4357.11455178 13389.6525883 25067.7033622 38651.32894 32045.390357 -51754.0326293 -62681.3766288 2180.24280358 8094.16503258 24045.598717 49300.1315296 73471.1071041 68420.2717805 17045.339099 -242556.856066 
-2011.54398823 -3037.96361005 3886.63788959 -8937.39256482 -78971.8722881 1896.97742686 85189.0818169 1986.07531788 -1495.58207312 -1425.33394898 6519.62135772 22378.2116532 54866.1321048 80173.1608777 3152.01446234 -164168.224434 -425.034797565 1858.03132676 20425.3213556 73471.1071041 212650.709045 240253.629356 17481.8644657 -565715.627856 
-4083.01040608 -8124.04537656 -3238.50477517 -30028.0725694 -156836.236895 14442.872641 195012.516231 -7145.51884994 -3360.38511362 -4753.43507194 2251.29167268 20771.7979844 67074.3048914 189902.281188 44934.4116743 -316820.267226 -2657.66671111 -3066.79411356 16441.9634702 68420.2717805 240253.629356 544137.376432 144168.075532 -1007696.85575 
3623.67115747 8221.94789137 11525.9366652 29231.546302 -200691.906837 -62937.1625676 132497.327214 78528.6401743 4099.78485355 6108.52691306 10732.6061715 19910.6316368 38359.2921527 127139.909634 55801.3980161 -262152.149377 7132.76788655 7477.12046629 10162.9607816 17045.339099 17481.8644657 144168.075532 637243.239196 -840711.367427 
-15581.54435 -48161.8552949 -65050.9515921 -17793.2683386 502424.662105 78596.6086422 -349888.662623 -84544.9885487 -19404.7252575 -48649.1834635 -70815.3601878 -122872.982635 -230190.198651 -423574.531793 61321.5697265 854185.412261 -28923.0448656 -69833.7996523 -116352.685507 -242556.856066 -565715.627856 -1007696.85575 -840711.367427 2871790.23712 
13422.8490349 19261.953351 -12637.1029524 -16043.7781688 -6800.54708084 1678.08147922 968.114020489 150.430316407 10871.7748948 12697.721038 -104.511655655 -32179.2720526 3428.86911658 3564.60117693 1556.06022431 164.75725757 14994.8588724 10389.2864287 -11178.8193144 -8204.59295915 1349.37825472 -8508.70410605 1126.95993595 31.6328878346 
19261.953351 162706.973123 6450.55833438 -114025.706345 -81974.4946729 4735.99122387 2477.34748234 367.377503365 13679.8988309 115424.371317 84630.5312438 -215279.595382 -19548.3437493 15217.6549713 4882.77588331 992.70688455 33607.8912892 82638.6879397 -12330.5443868 -50468.1423149 -14271.1314638 -47107.3704314 6527.79766823 1402.81169985 
-12637.1029524 6450.55833438 1558633.67567 -691606.086 -684856.443969 -113559.00932 -31575.7448 -30849.8469639 -20829.4384479 -8021.08079974 390692.011359 104891.510348 -330853.385673 -83154.6257075 -24885.8727566 -27839.1183216 -35595.3401733 -74390.7404914 -158501.553097 -491012.181123 98169.7884072 703636.028884 -18154.187116 -24151.8152897 
-16043.7781688 -114025.706345 -691606.086 956408.061487 -23978.5848487 -74347.3768397 -22942.4961397 -13464.0331452 -12846.6146984 -81204.2549586 -88944.2106084 303069.325138 -31955.748106 -57466.5961515 -19054.8802331 -11597.0203818 -20214.3387279 85384.600756 79801.8456853 357646.451023 -74596.3101092 -402983.039 -14589.6951824 -10449.5144439 
-6800.54708084 -81974.4946729 -684856.443969 -23978.5848487 774501.756097 30020.0665085 398.659379736 -7310.4114141 2617.86599193 -54121.6404551 -330121.685389 96127.0040655 295801.031378 308.587153542 -1925.16012561 -8686.00262005 2276.48065139 -77248.6771491 197288.579489 208573.812515 -76863.7965168 -239475.817667 -5196.82001645 -9353.76130622 
1678.08147922 4735.99122387 -113559.00932 -74347.3768397 30020.0665085 111911.402527 26952.7816182 12608.0628025 3659.35383525 11439.7417554 -35475.9710236 -164849.495931 67352.3243737 87600.5348225 19823.7444412 10449.7677266 2774.71163723 -11399.0466497 -48921.2281985 -10549.2460299 48690.7176934 -3893.40474609 14451.5184586 8845.97783505 
968.114020489 2477.34748234 -31575.7448 -22942.4961397 398.659379736 26952.7816182 15274.6077009 8446.73073806 2137.14437857 3772.71636935 -10474.1136833 -50648.9587331 12346.2974906 23796.9479925 11860.0486161 7209.91756929 2056.96119158 -5186.16341265 -22175.2780727 -3546.97809109 12120.0583348 2044.18255221 8679.57449336 6007.64300442 
150.430316407 367.377503365 -30849.8469639 -13464.0331452 -7310.4114141 12608.0628025 8446.73073806 30051.6901629 710.015214862 12.425733241 -10202.0502427 -41130.5174529 3428.95516946 10132.8957422 7743.28395041 29304.9918854 98.7752594157 -10187.9474214 -23983.0021045 -2439.12301994 5401.29539966 -3711.87548472 7154.85175879 27667.0256127 
10871.7748948 13679.8988309 -20829.4384479 -12846.6146984 2617.86599193 3659.35383525 2137.14437857 710.015214862 15554.2951519 15954.3545407 -3748.00275301 -31787.3019942 229.232590642 2382.77279446 1312.01140024 102.638269247 20235.9474579 9386.76703712 -10807.473942 -7776.28101298 -1418.06586884 -10528.4326307 1032.01789567 -124.478936126 
12697.721038 115424.371317 -8021.08079974 -81204.2549586 -54121.6404551 11439.7417554 3772.71636935 12.425733241 15954.3545407 136433.082921 82797.539734 -212009.567945 -35446.4351323 10707.2945177 2429.39969546 -865.66833205 33976.3058121 79092.3136067 -6664.35344885 -47387.908032 -11470.8191035 -51025.0147646 4021.88626168 -542.410331509 
-104.511655655 84630.5312438 390692.011359 -88944.2106084 -330121.685389 -35475.9710236 -10474.1136833 -10202.0502427 -3748.00275301 82797.539734 848021.863676 -638401.239829 -238590.658283 -29273.535998 -11289.5158382 -9516.45070951 -5318.12529471 140511.440402 448575.278628 -186311.055857 -137792.423185 -246881.700464 -5340.70083989 -7442.71338932 
-32179.2720526 -215279.595382 104891.510348 303069.325138 96127.0040655 -164849.495931 -50648.9587331 -41130.5174529 -31787.3019942 -212009.567945 -638401.239829 1352492.23963 -227316.603649 -159696.007234 -44828.0481753 -38453.4708026 -57322.6573368 -148302.958402 -255714.904433 125979.575732 35838.7339196 369044.652988 -34511.3863973 -35011.0560707 
3428.86911658 -19548.3437493 -330853.385673 -31955.748106 295801.031378 67352.3243737 12346.2974906 3428.95516946 229.232590642 -35446.4351323 -238590.658283 -227316.603649 435069.17229 52075.7446535 11392.2671231 2587.28040607 3449.41950133 -59865.548258 -81029.7739546 135912.512315 58931.7981213 -63395.391758 4866.77429308 1130.20973963 
3564.60117693 15217.6549713 -83154.6257075 -57466.5961515 308.587153542 87600.5348225 23796.9479925 10132.8957422 2382.77279446 10707.2945177 -29273.535998 -159696.007234 52075.7446535 92989.872325 21362.6681613 9451.19077979 3484.97898118 -6117.43593187 -51778.7036327 -15163.2080484 42048.489565 4977.63422166 14696.2783156 7851.9665295 
1556.06022431 4882.77588331 -24885.8727566 -19054.8802331 -1925.16012561 19823.7444412 11860.0486161 7743.28395041 1312.01140024 2429.39969546 -11289.5158382 -44828.0481753 11392.2671231 21362.6681613 12356.9821797 7264.23545372 1937.10251813 -4308.49826158 -19502.2311124 -3304.28190434 9039.11690071 1501.31018894 8549.51037336 6087.97129719 
164.75725757 992.70688455 -27839.1183216 -11597.0203818 -8686.00262005 10449.7677266 7209.91756929 29304.9918854 102.638269247 -865.66833205 -9516.45070951 -38453.4708026 2587.28040607 9451.19077979 7264.23545372 29430.2449353 -442.971639152 -10396.0801925 -23077.838104 -1949.35319321 4823.16965116 -3693.05778145 6685.62009784 28050.5111613 
14994.8588724 33607.8912892 -35595.3401733 -20214.3387279 2276.48065139 2774.71163723 2056.96119158 98.7752594157 20235.9474579 33976.3058121 -5318.12529471 -57322.6573368 3449.41950133 3484.97898118 1937.10251813 -442.971639152 50469.1883325 51595.9778013 -23441.1796009 -32003.0074513 -15448.4624108 -30188.9407135 107.660668435 -1091.2366256 
10389.2864287 82638.6879397 -74390.7404914 85384.600756 -77248.6771491 -11399.0466497 -5186.16341265 -10187.9474214 9386.76703712 79092.3136067 140511.440402 -148302.958402 -59865.548258 -6117.43593187 -4308.49826158 -10396.0801925 51595.9778013 511465.193152 79208.7661803 -292366.314528 -146116.358545 -187013.785695 -5964.6734374 -10808.8049282 
-11178.8193144 -12330.5443868 -158501.553097 79801.8456853 197288.579489 -48921.2281985 -22175.2780727 -23983.0021045 -10807.473942 -6664.35344885 448575.278628 -255714.904433 -81029.7739546 -51778.7036327 -19502.2311124 -23077.838104 -23441.1796009 79208.7661803 1027168.37926 -275006.376719 -329097.547055 -435887.355362 -20388.6336231 -22556.0530771 
-8204.59295915 -50468.1423149 -491012.181123 357646.451023 208573.812515 -10549.2460299 -3546.97809109 -2439.12301994 -7776.28101298 -47387.908032 -186311.055857 125979.575732 135912.512315 -15163.2080484 -3304.28190434 -1949.35319321 -32003.0074513 -292366.314528 -275006.376719 898578.175615 -5765.14502193 -286770.600772 -4286.2176152 -2380.51350725 
1349.37825472 -14271.1314638 98169.7884072 -74596.3101092 -76863.7965168 48690.7176934 12120.0583348 5401.29539966 -1418.06586884 -11470.8191035 -137792.423185 35838.7339196 58931.7981213 42048.489565 9039.11690071 4823.16965116 -15448.4624108 -146116.358545 -329097.547055 -5765.14502193 499902.859237 -17697.4908332 9028.35770944 5193.78691932 
-8508.70410605 -47107.3704314 703636.028884 -402983.039 -239475.817667 -3893.40474609 2044.18255221 -3711.87548472 -10528.4326307 -51025.0147646 -246881.700464 369044.652988 -63395.391758 4977.63422166 1501.31018894 -3693.05778145 -30188.9407135 -187013.785695 -435887.355362 -286770.600772 -17697.4908332 955187.951041 5010.46768247 -2640.24534687 
1126.95993595 6527.79766823 -18154.187116 -14589.6951824 -5196.82001645 14451.5184586 8679.57449336 7154.85175879 1032.01789567 4021.88626168 -5340.70083989 -34511.3863973 4866.77429308 14696.2783156 8549.51037336 6685.62009784 107.660668435 -5964.6734374 -20388.6336231 -4286.2176152 9028.35770944 5010.46768247 10099.5201607 6393.51845465 
31.6328878346 1402.81169985 -24151.8152897 -10449.5144439 -9353.76130622 8845.97783505 6007.64300442 27667.0256127 -124.478936126 -542.410331509 -7442.71338932 -35011.0560707 1130.20973963 7851.9665295 6087.97129719 28050.5111613 -1091.2366256 -10808.8049282 -22556.0530771 -2380.51350725 5193.78691932 -2640.24534687 6393.51845465 27889.548111 
1307845.04414 -483383.413061 -398277.6229 -189749.803742 -86980.9209899 -50626.3066518 -39302.2483586 -59524.7284342 849840.892744 -229431.937595 -276968.181788 -138173.151474 -71441.6991677 -45538.407361 -35978.8883613 -52308.6269971 782953.288792 -258249.199466 -243016.388713 -100807.173711 -58151.2926525 -40768.2338608 -33092.6713053 -48868.3290831 
-483383.413061 1029090.21391 -104104.855073 -156563.811142 -94556.446315 -67585.532246 -53314.2769887 -69581.8790802 -331842.193558 724962.316056 -49519.877589 -100964.011719 -74756.2036576 -62678.9886555 -49489.3046243 -55711.7362517 -246179.629324 564413.056673 -47312.6304763 -74599.3403068 -58499.1837331 -51170.2015777 -41151.2274899 -45500.8437649 
-398277.6229 -104104.855073 439843.065408 97325.5443887 2902.79860209 -8736.36393597 -8911.31661353 -20041.2498764 -268741.093601 -62194.480739 303633.240531 62182.8666811 -854.760082714 -8086.2950491 -8923.90907169 -17015.5686686 -233730.540505 53781.7391855 195472.323086 23238.3027935 -7154.91812061 -9098.70832239 -7490.55247071 -15017.6456462 
-189749.803742 -156563.811142 97325.5443887 163246.912789 52876.3121557 18023.8618662 9495.6332936 5345.35039167 -87727.8913167 -119885.998383 66118.2450964 81556.0210332 33379.5900198 15585.4475074 6810.35886521 4164.22717787 -66761.0091108 -86762.4540448 64496.8421246 49012.1809135 22229.7403228 10622.6321738 4979.77091415 2182.2967068 
-86980.9209899 -94556.446315 2902.79860209 52876.3121557 64740.7479923 29864.4092427 17160.3726307 13992.7266813 -43635.4313129 -97373.0769426 -8697.25665082 51227.1980504 46978.1406648 25936.1574637 15024.6447432 10539.6239842 -52948.3118835 -88510.9672619 24408.499772 44733.6275962 32424.127714 20261.4123158 11525.8047928 8105.80695465 
-50626.3066518 -67585.532246 -8736.36393597 18023.8618662 29864.4092427 39091.9822666 24084.5712172 15883.3782412 -33438.4885757 -76359.187645 -11889.7721814 21525.8398553 32139.6573365 35190.1700583 20746.54788 12085.2332719 -56081.0792334 -65007.7674583 4999.12522796 28417.2462202 31664.2195377 29935.1694302 16739.3365405 9333.74973514 
-39302.2483586 -53314.2769887 -8911.31661353 9495.6332936 17160.3726307 24084.5712172 29456.2207931 21331.0440262 -28117.2421019 -61430.8558856 -8817.0688517 12657.3304458 18516.7986625 24426.90745 25888.8571028 16875.2731781 -45346.0317466 -52218.3435802 1686.05949407 16266.5456847 20671.1251356 23712.7916965 20879.7974583 14348.0558577 
-59524.7284342 -69581.8790802 -20041.2498764 5345.35039167 13992.7266813 15883.3782412 21331.0440262 92595.3580504 -56338.5522774 -78286.7788652 -13859.3285671 9987.90712773 16038.4762244 15165.0085862 25921.6934661 81371.5743053 -81906.6869881 -67446.0640467 -733.830515858 13738.6108101 16816.181796 16505.1381445 27609.7415602 75416.9092398 
849840.892744 -331842.193558 -268741.093601 -87727.8913167 -43635.4313129 -33438.4885757 -28117.2421019 -56338.5522774 1101898.65946 -474872.425342 -353218.057114 -105921.889991 -52960.9851813 -34926.0663772 -26821.3175163 -53177.9179344 1058737.83987 -599816.630442 -239173.718496 -70198.3363836 -43193.1560721 -28714.0716646 -25327.2791713 -52314.6476368 
-229431.937595 724962.316056 -62194.480739 -119885.998383 -97373.0769426 -76359.187645 -61430.8558856 -78286.7788652 -474872.425342 1037923.07396 -102652.068418 -161719.966887 -99233.0969987 -76652.2065789 -60430.8030698 -62362.5066624 -395184.811245 814746.876851 -77383.744973 -106795.05716 -72653.2013099 -61298.0794385 -50093.7188297 -51338.2638953 
-276968.181788 -49519.877589 303633.240531 66118.2450964 -8697.25665082 -11889.7721814 -8817.0688517 -13859.3285671 -353218.057114 -102652.068418 419407.536424 69851.7946466 -3165.1635312 -9684.13136262 -9067.30566116 -11472.6049841 -323937.809927 118681.223603 220941.162062 21543.4350103 -8140.5831689 -11012.2655396 -7974.24054338 -10100.9214953 
-138173.151474 -100964.011719 62182.8666811 81556.0210332 51227.1980504 21525.8398553 12657.3304458 9987.90712773 -105921.889991 -161719.966887 69851.7946466 113593.639276 43591.0844233 21316.0254789 11198.9527568 8090.36029661 -100160.04096 -89794.3416035 73601.8971139 60752.4070275 26646.2663316 14451.2485971 8818.77375086 5683.7897426 
-71441.6991677 -74756.2036576 -854.760082714 33379.5900198 46978.1406648 32139.6573365 18516.7986625 16038.4762244 -52960.9851813 -99233.0969987 -3165.1635312 43591.0844233 53417.0243357 30407.7765098 16340.5791539 11602.7812884 -66743.3573018 -77501.0297864 17379.2299951 44701.7674633 36987.830154 23192.7813809 13270.3944894 8712.38360546 
-45538.407361 -62678.9886555 -8086.2950491 15585.4475074 25936.1574637 35190.1700583 24426.90745 15165.0085862 -34926.0663772 -76652.2065789 -9684.13136262 21316.0254789 30407.7765098 37664.0233449 21273.6036829 10600.9753022 -54405.7302327 -62671.3890082 4460.02197505 25705.9866799 30531.0309149 30906.8085204 16932.0065168 8541.26463377 
-35978.8883613 -49489.3046243 -8923.90907169 6810.35886521 15024.6447432 20746.54788 25888.8571028 25921.6934661 -26821.3175163 -60430.8030698 -9067.30566116 11198.9527568 16340.5791539 21273.6036829 30304.8947821 17201.3958716 -42130.9833163 -50799.8660869 226.144197771 13880.6020498 17669.2977444 21043.2508149 25976.7673188 14134.7872776 
-52308.6269971 -55711.7362517 -17015.5686686 4164.22717787 10539.6239842 12085.2332719 16875.2731781 81371.5743053 -53177.9179344 -62362.5066624 -11472.6049841 8090.36029661 11602.7812884 10600.9753022 17201.3958716 79517.5168221 -76175.106884 -52844.8435263 -50.9918742184 10409.1953126 12152.515406 11430.3273294 18397.2964685 76681.607768 
782953.288792 -246179.629324 -233730.540505 -66761.0091108 -52948.3118835 -56081.0792334 -45346.0317466 -81906.6869881 1058737.83987 -395184.811245 -323937.809927 -100160.04096 -66743.3573018 -54405.7302327 -42130.9833163 -76175.106884 1407662.594 -724976.867766 -334323.54493 -111402.360911 -71357.9792976 -50427.1939017 -39893.8017868 -75280.8454049 
-258249.199466 564413.056673 53781.7391855 -86762.4540448 -88510.9672619 -65007.7674583 -52218.3435802 -67446.0640467 -599816.630442 814746.876851 118681.223603 -89794.3416035 -77501.0297864 -62671.3890082 -50799.8660869 -52844.8435263 -724976.867766 1053013.38291 -27694.7259208 -92578.168209 -64725.9654767 -54648.1554817 -43886.2269531 -44503.2731031 
-243016.388713 -47312.6304763 195472.323086 64496.8421246 24408.499772 4999.12522796 1686.05949407 -733.830515858 -239173.718496 -77383.744973 220941.162062 73601.8971139 17379.2299951 4460.02197505 226.144197771 -50.9918742184 -334323.54493 -27694.7259208 292948.415591 57079.2453216 11260.7809802 1239.88966924 -489.023248227 -21.0374633548 
-100807.173711 -74599.3403068 23238.3027935 49012.1809135 44733.6275962 28417.2462202 16266.5456847 13738.6108101 -70198.3363836 -106795.05716 21543.4350103 60752.4070275 44701.7674633 25705.9866799 13880.6020498 10409.1953126 -111402.360911 -92578.168209 57079.2453216 71933.1500894 35440.5936237 20176.4647091 11324.7669041 8026.30847181 
-58151.2926525 -58499.1837331 -7154.91812061 22229.7403228 32424.127714 31664.2195377 20671.1251356 16816.181796 -43193.1560721 -72653.2013099 -8140.5831689 26646.2663316 36987.830154 30531.0309149 17669.2977444 12152.515406 -71357.9792976 -64725.9654767 11260.7809802 35440.5936237 39083.0968521 26310.0422616 14376.2518997 9613.17915698 
-40768.2338608 -51170.2015777 -9098.70832239 10622.6321738 20261.4123158 29935.1694302 23712.7916965 16505.1381445 -28714.0716646 -61298.0794385 -11012.2655396 14451.2485971 23192.7813809 30906.8085204 21043.2508149 11430.3273294 -50427.1939017 -54648.1554817 1239.88966924 20176.4647091 26310.0422616 31040.6869963 17240.1693997 9068.09634745 
-33092.6713053 -41151.2274899 -7490.55247071 4979.77091415 11525.8047928 16739.3365405 20879.7974583 27609.7415602 -25327.2791713 -50093.7188297 -7974.24054338 8818.77375086 13270.3944894 16932.0065168 25976.7673188 18397.2964685 -39893.8017868 -43886.2269531 -489.023248227 11324.7669041 14376.2518997 17240.1693997 26988.1344551 14339.7293295 
-48868.3290831 -45500.8437649 -15017.6456462 2182.2967068 8105.80695465 9333.74973514 14348.0558577 75416.9092398 -52314.6476368 -51338.2638953 -10100.9214953 5683.7897426 8712.38360546 8541.26463377 14134.7872776 76681.607768 -75280.8454049 -44503.2731031 -21.0374633548 8026.30847181 9613.17915698 9068.09634745 14339.7293295 78757.8426655 
nan nan nan nan nan nan nan nan nan nan nan nan nan nan nan nan nan nan nan nan nan nan nan nan 
nan nan nan nan nan nan nan nan nan nan nan nan nan nan nan nan nan nan nan nan nan nan nan nan 
nan nan nan nan nan nan nan nan nan nan nan nan nan nan nan nan nan nan nan nan nan nan nan nan 
nan nan nan nan nan nan nan nan nan nan nan nan nan nan nan nan nan nan nan nan nan nan nan nan 
nan nan nan nan nan nan nan nan nan nan nan nan nan nan nan nan nan nan nan nan nan nan nan nan 
nan nan nan nan nan nan nan nan nan nan nan nan nan nan nan nan nan nan nan nan nan nan nan nan 
nan nan nan nan nan nan nan nan nan nan nan nan nan nan nan nan nan nan nan nan nan nan nan nan 
nan nan nan nan nan nan nan nan nan nan nan nan nan nan nan nan nan nan nan nan nan nan nan nan 
nan nan nan nan nan nan nan nan nan nan nan nan nan nan nan nan nan nan nan nan nan nan nan nan 
nan nan nan nan nan nan nan nan nan nan nan nan nan nan nan nan nan nan nan nan nan nan nan nan 
nan nan nan nan nan nan nan nan nan nan nan nan nan nan nan nan nan nan nan nan nan nan nan nan 
nan nan nan nan nan nan nan nan nan nan nan nan nan nan nan nan nan nan nan nan nan nan nan nan 
nan nan nan nan nan nan nan nan nan nan nan nan nan nan nan nan nan nan nan nan nan nan nan nan 
nan nan nan nan nan nan nan nan nan nan nan nan nan nan nan nan nan nan nan nan nan nan nan nan 
nan nan nan nan nan nan nan nan nan nan nan nan nan nan nan nan nan nan nan nan nan nan nan nan 
nan nan nan nan nan nan nan nan nan nan nan nan nan nan nan nan nan nan nan nan nan nan nan nan 
nan nan nan nan nan nan nan nan nan nan nan nan nan nan nan nan nan nan nan nan nan nan nan nan 
nan nan nan nan nan nan nan nan nan nan nan nan nan nan nan nan nan nan nan nan nan nan nan nan 
nan nan nan nan nan nan nan nan nan nan nan nan nan nan nan nan nan nan nan nan nan nan nan nan 
nan nan nan nan nan nan nan nan nan nan nan nan nan nan nan nan nan nan nan nan nan nan nan nan 
nan nan nan nan nan nan nan nan nan nan nan nan nan nan nan nan nan nan nan nan nan nan nan nan 
nan nan nan nan nan nan nan nan nan nan nan nan nan nan nan nan nan nan nan nan nan nan nan nan 
nan nan nan nan nan nan nan nan nan nan nan nan nan nan nan nan nan nan nan nan nan nan nan nan 
nan nan nan nan nan nan nan nan nan nan nan nan nan nan nan nan nan nan nan nan nan nan nan nan 
nan nan nan nan nan nan nan nan nan nan nan nan nan nan nan nan nan nan nan nan nan nan nan nan 
nan nan nan nan nan nan nan nan nan nan nan nan nan nan nan nan nan nan nan nan nan nan nan nan 
nan nan nan nan nan nan nan nan nan nan nan nan nan nan nan nan nan nan nan nan nan nan nan nan 
nan nan nan nan nan nan nan nan nan nan nan nan nan nan nan nan nan nan nan nan nan nan nan nan 
nan nan nan nan nan nan nan nan nan nan nan nan nan nan nan nan nan nan nan nan nan nan nan nan 
nan nan nan nan nan nan nan nan nan nan nan nan nan nan nan nan nan nan nan nan nan nan nan nan 
nan nan nan nan nan nan nan nan nan nan nan nan nan nan nan nan nan nan nan nan nan nan nan nan 
nan nan nan nan nan nan nan nan nan nan nan nan nan nan nan nan nan nan nan nan nan nan nan nan 
nan nan nan nan nan nan nan nan nan nan nan nan nan nan nan nan nan nan nan nan nan nan nan nan 
nan nan nan nan nan nan nan nan nan nan nan nan nan nan nan nan nan nan nan nan nan nan nan nan 
nan nan nan nan nan nan nan nan nan nan nan nan nan nan nan nan nan nan nan nan nan nan nan nan 
nan nan nan nan nan nan nan nan nan nan nan nan nan nan nan nan nan nan nan nan nan nan nan nan 
nan nan nan nan nan nan nan nan nan nan nan nan nan nan nan nan nan nan nan nan nan nan nan nan 
nan nan nan nan nan nan nan nan nan nan nan nan nan nan nan nan nan nan nan nan nan nan nan nan 
nan nan nan nan nan nan nan nan nan nan nan nan nan nan nan nan nan nan nan nan nan nan nan nan 
nan nan nan nan nan nan nan nan nan nan nan nan nan nan nan nan nan nan nan nan nan nan nan nan 
nan nan nan nan nan nan nan nan nan nan nan nan nan nan nan nan nan nan nan nan nan nan nan nan 
nan nan nan nan nan nan nan nan nan nan nan nan nan nan nan nan nan nan nan nan nan nan nan nan 
nan nan nan nan nan nan nan nan nan nan nan nan nan nan nan nan nan nan nan nan nan nan nan nan 
nan nan nan nan nan nan nan nan nan nan nan nan nan nan nan nan nan nan nan nan nan nan nan nan 
nan nan nan nan nan nan nan nan nan nan nan nan nan nan nan nan nan nan nan nan nan nan nan nan 
nan nan nan nan nan nan nan nan nan nan nan nan nan nan nan nan nan nan nan nan nan nan nan nan 
nan nan nan nan nan nan nan nan nan nan nan nan nan nan nan nan nan nan nan nan nan nan nan nan 
nan nan nan nan nan nan nan nan nan nan nan nan nan nan nan nan nan nan nan nan nan nan nan nan 
nan nan nan nan nan nan nan nan nan nan nan nan nan nan nan nan nan nan nan nan nan nan nan nan 
nan nan nan nan nan nan nan nan nan nan nan nan nan nan nan nan nan nan nan nan nan nan nan nan 
nan nan nan nan nan nan nan nan nan nan nan nan nan nan nan nan nan nan nan nan nan nan nan nan 
nan nan nan nan nan nan nan nan nan nan nan nan nan nan nan nan nan nan nan nan nan nan nan nan 
nan nan nan nan nan nan nan nan nan nan nan nan nan nan nan nan nan nan nan nan nan nan nan nan 
nan nan nan nan nan nan nan nan nan nan nan nan nan nan nan nan nan nan nan nan nan nan nan nan 
nan nan nan nan nan nan nan nan nan nan nan nan nan nan nan nan nan nan nan nan nan nan nan nan 
nan nan nan nan nan nan nan nan nan nan nan nan nan nan nan nan nan nan nan nan nan nan nan nan 
nan nan nan nan nan nan nan nan nan nan nan nan nan nan nan nan nan nan nan nan nan nan nan nan 
nan nan nan nan nan nan nan nan nan nan nan nan nan nan nan nan nan nan nan nan nan nan nan nan 
nan nan nan nan nan nan nan nan nan nan nan nan nan nan nan nan nan nan nan nan nan nan nan nan 
nan nan nan nan nan nan nan nan nan nan nan nan nan nan nan nan nan nan nan nan nan nan nan nan 
nan nan nan nan nan nan nan nan nan nan nan nan nan nan nan nan nan nan nan nan nan nan nan nan 
nan nan nan nan nan nan nan nan nan nan nan nan nan nan nan nan nan nan nan nan nan nan nan nan 
nan nan nan nan nan nan nan nan nan nan nan nan nan nan nan nan nan nan nan nan nan nan nan nan 
nan nan nan nan nan nan nan nan nan nan nan nan nan nan nan nan nan nan nan nan nan nan nan nan 
nan nan nan nan nan nan nan nan nan nan nan nan nan nan nan nan nan nan nan nan nan nan nan nan 
nan nan nan nan nan nan nan nan nan nan nan nan nan nan nan nan nan nan nan nan nan nan nan nan 
nan nan nan nan nan nan nan nan nan nan nan nan nan nan nan nan nan nan nan nan nan nan nan nan 
nan nan nan nan nan nan nan nan nan nan nan nan nan nan nan nan nan nan nan nan nan nan nan nan 
nan nan nan nan nan nan nan nan nan nan nan nan nan nan nan nan nan nan nan nan nan nan nan nan 
nan nan nan nan nan nan nan nan nan nan nan nan nan nan nan nan nan nan nan nan nan nan nan nan 
nan nan nan nan nan nan nan nan nan nan nan nan nan nan nan nan nan nan nan nan nan nan nan nan 
nan nan nan nan nan nan nan nan nan nan nan nan nan nan nan nan nan nan nan nan nan nan nan nan 
nan nan nan nan nan nan nan nan nan nan nan nan nan nan nan nan nan nan nan nan nan nan nan nan 
nan nan nan nan nan nan nan nan nan nan nan nan nan nan nan nan nan nan nan nan nan nan nan nan 
nan nan nan nan nan nan nan nan nan nan nan nan nan nan nan nan nan nan nan nan nan nan nan nan 
nan nan nan nan nan nan nan nan nan nan nan nan nan nan nan nan nan nan nan nan nan nan nan nan 
nan nan nan nan nan nan nan nan nan nan nan nan nan nan nan nan nan nan nan nan nan nan nan nan 
nan nan nan nan nan nan nan nan nan nan nan nan nan nan nan nan nan nan nan nan nan nan nan nan 
nan nan nan nan nan nan nan nan nan nan nan nan nan nan nan nan nan nan nan nan nan nan nan nan 
nan nan nan nan nan nan nan nan nan nan nan nan nan nan nan nan nan nan nan nan nan nan nan nan 
nan nan nan nan nan nan nan nan nan nan nan nan nan nan nan nan nan nan nan nan nan nan nan nan 
nan nan nan nan nan nan nan nan nan nan nan nan nan nan nan nan nan nan nan nan nan nan nan nan 
nan nan nan nan nan nan nan nan nan nan nan nan nan nan nan nan nan nan nan nan nan nan nan nan 
nan nan nan nan nan nan nan nan nan nan nan nan nan nan nan nan nan nan nan nan nan nan nan nan 
nan nan nan nan nan nan nan nan nan nan nan nan nan nan nan nan nan nan nan nan nan nan nan nan 
nan nan nan nan nan nan nan nan nan nan nan nan nan nan nan nan nan nan nan nan nan nan nan nan 
nan nan nan nan nan nan nan nan nan nan nan nan nan nan nan nan nan nan nan nan nan nan nan nan 
nan nan nan nan nan nan nan nan nan nan nan nan nan nan nan nan nan nan nan nan nan nan nan nan 
nan nan nan nan nan nan nan nan nan nan nan nan nan nan nan nan nan nan nan nan nan nan nan nan 
nan nan nan nan nan nan nan nan nan nan nan nan nan nan nan nan nan nan nan nan nan nan nan nan 
nan nan nan nan nan nan nan nan nan nan nan nan nan nan nan nan nan nan nan nan nan nan nan nan 
nan nan nan nan nan nan nan nan nan nan nan nan nan nan nan nan nan nan nan nan nan nan nan nan 
nan nan nan nan nan nan nan nan nan nan nan nan nan nan nan nan nan nan nan nan nan nan nan nan 
nan nan nan nan nan nan nan nan nan nan nan nan nan nan nan nan nan nan nan nan nan nan nan nan 
nan nan nan nan nan nan nan nan nan nan nan nan nan nan nan nan nan nan nan nan nan nan nan nan 
nan nan nan nan nan nan nan nan nan nan nan nan nan nan nan nan nan nan nan nan nan nan nan nan 
