0 0 0 0 0 4096 0 0 0 0 0 0 0 0 4096 0 0 0 0 0 0 0 0 4096
0 0 0 0 0 4096 0 0 0 0 0 0 0 0 4096 0 0 0 0 0 0 0 0 4096
0 0 0 0 0 4096 0 0 0 0 0 0 0 0 4096 0 0 0 0 0 0 0 0 4096
0 0 0 0 3 4093 0 0 0 0 0 0 0 0 4096 0 0 0 0 0 0 0 0 4096
0 0 0 0 0 4096 0 0 0 0 0 0 0 0 4096 0 0 0 0 0 0 0 0 4096
0 0 0 0 13 4083 0 0 0 0 0 0 0 0 4096 0 0 0 0 0 0 0 0 4096
0 0 0 0 45 4051 0 0 0 0 0 0 0 0 4096 0 0 0 0 0 0 0 0 4096
0 0 0 0 317 3779 0 0 0 0 0 0 0 0 4096 0 0 0 0 0 0 0 0 4096
0 0 0 0 1038 3058 0 0 0 0 0 0 0 0 4096 0 0 0 0 0 0 0 0 4096
0 0 0 0 1927 2169 0 0 0 0 0 0 0 0 4096 0 0 0 0 0 0 0 0 4096
0 0 0 0 3590 506 0 0 0 0 0 0 0 0 4096 0 0 0 0 0 0 0 0 4096
0 0 0 0 4096 0 0 0 0 0 0 0 0 0 4096 0 0 0 0 0 0 0 0 4096
0 0 0 0 4096 0 0 0 0 0 0 0 0 0 4096 0 0 0 0 0 0 0 0 4096
0 0 0 0 4096 0 0 0 0 0 0 0 0 0 4096 0 0 0 0 0 0 0 0 4096
0 0 0 0 4096 0 0 0 0 0 0 0 0 0 4096 0 0 0 0 0 0 0 0 4096
0 0 0 0 4096 0 0 0 0 0 0 0 0 12 4084 0 0 0 0 0 0 0 0 4096
0 0 0 0 4096 0 0 0 0 0 0 0 0 790 3306 0 0 0 0 0 0 0 0 4096
0 0 0 0 4096 0 0 0 0 0 0 0 0 2191 1905 0 0 0 0 0 0 0 0 4096
0 0 0 0 4096 0 0 0 0 0 0 0 0 3161 935 0 0 0 0 0 0 0 0 4096
0 0 0 0 0 4096 0 0 0 0 0 0 0 0 4096 0 0 0 0 0 0 0 0 4096
0 0 0 0 0 4096 0 0 0 0 0 0 0 0 4096 0 0 0 0 0 0 0 0 4096
0 0 0 0 0 4096 0 0 0 0 0 0 0 0 4096 0 0 0 0 0 0 0 0 4096
0 0 0 0 0 4096 0 0 0 0 0 0 0 0 4096 0 0 0 0 0 0 0 0 4096
0 0 0 0 0 4096 0 0 0 0 0 0 0 0 4096 0 0 0 0 0 0 0 0 4096
0 0 0 0 0 4096 0 0 0 0 0 0 0 0 4096 0 0 0 0 0 0 0 0 4096
0 0 0 0 2 4094 0 0 0 0 0 0 0 0 4096 0 0 0 0 0 0 0 0 4096
0 0 0 0 56 4040 0 0 0 0 0 0 0 0 4096 0 0 0 0 0 0 0 0 4096
0 0 0 0 418 3678 0 0 0 0 0 0 0 0 4096 0 0 0 0 0 0 0 0 4096
0 0 0 0 1493 2603 0 0 0 0 0 0 0 0 4096 0 0 0 0 0 0 0 0 4096
0 0 0 0 3609 487 0 0 0 0 0 0 0 0 4096 0 0 0 0 0 0 0 0 4096
0 0 0 0 4096 0 0 0 0 0 0 0 0 0 4096 0 0 0 0 0 0 0 0 4096
0 0 0 0 4096 0 0 0 0 0 0 0 0 0 4096 0 0 0 0 0 0 0 0 4096
0 0 0 0 4096 0 0 0 0 0 0 0 0 0 4096 0 0 0 0 0 0 0 0 4096
0 0 0 0 4096 0 0 0 0 0 0 0 0 0 4096 0 0 0 0 0 0 0 0 4096
0 0 0 0 4096 0 0 0 0 0 0 0 0 0 4096 0 0 0 0 0 0 0 0 4096
0 0 0 0 4096 0 0 0 0 0 0 0 0 5 4091 0 0 0 0 0 0 0 0 4096
0 0 0 0 4096 0 0 0 0 0 0 0 0 62 4034 0 0 0 0 0 0 0 0 4096
0 0 0 0 4096 0 0 0 0 0 0 0 0 952 3144 0 0 0 0 0 0 0 0 4096
0 0 2 1895 1749 450 0 0 0 0 0 858 2711 120 407 0 0 0 0 12 3362 273 74 375
0 5 258 1840 1317 674 2 0 0 0 25 1644 1701 98 628 0 0 0 0 53 2428 940 68 607
0 0 2 1173 1142 1779 0 0 0 0 0 269 1977 56 1794 0 0 0 0 0 1082 1164 50 1800
0 0 0 352 640 3104 0 0 0 0 0 11 453 123 3509 0 0 0 0 0 192 257 106 3541
0 0 0 46 870 3180 0 0 0 0 0 0 14 226 3856 0 0 0 0 0 0 0 64 4032
0 0 0 26 891 3179 0 0 0 0 0 0 1 84 4011 0 0 0 0 0 0 0 33 4063
0 0 0 2 949 3145 0 0 0 0 0 0 0 4 4092 0 0 0 0 0 0 0 2 4094
0 0 0 0 1498 2598 0 0 0 0 0 0 0 0 4096 0 0 0 0 0 0 0 0 4096
0 0 0 0 2289 1807 0 0 0 0 0 0 0 0 4096 0 0 0 0 0 0 0 0 4096
0 0 0 0 3347 749 0 0 0 0 0 0 0 0 4096 0 0 0 0 0 0 0 0 4096
0 0 0 0 3706 390 0 0 0 0 0 0 0 0 4096 0 0 0 0 0 0 0 0 4096
0 0 0 0 4071 25 0 0 0 0 0 0 0 0 4096 0 0 0 0 0 0 0 0 4096
0 0 0 0 4096 0 0 0 0 0 0 0 0 0 4096 0 0 0 0 0 0 0 0 4096
0 0 0 0 4096 0 0 0 0 0 0 0 0 0 4096 0 0 0 0 0 0 0 0 4096
0 0 0 0 4096 0 0 0 0 0 0 0 0 0 4096 0 0 0 0 0 0 0 0 4096
0 0 0 0 4096 0 0 0 0 0 0 0 0 0 4096 0 0 0 0 0 0 0 0 4096
0 0 0 0 4096 0 0 0 0 0 0 0 0 0 4096 0 0 0 0 0 0 0 0 4096
0 0 0 0 4096 0 0 0 0 0 0 0 0 25 4071 0 0 0 0 0 0 0 0 4096
0 0 0 0 4096 0 0 0 0 0 0 0 0 90 4006 0 0 0 0 0 0 0 0 4096
0 0 483 2729 884 0 0 0 0 0 58 1348 2683 7 0 0 0 0 0 354 3462 280 0 0
0 0 647 3132 317 0 0 0 0 0 111 1578 2407 0 0 0 0 0 0 224 3773 99 0 0
0 0 469 3199 428 0 0 0 0 0 54 1627 2415 0 0 0 0 0 0 42 3850 204 0 0
0 0 183 3438 475 0 0 0 0 0 0 738 3337 21 0 0 0 0 0 0 3558 491 43 4
0 0 596 2583 913 4 0 0 0 0 2 1145 2262 683 4 0 0 0 0 0 1934 1293 444 425
0 22 1462 2308 275 29 0 0 0 0 370 1201 1165 1340 20 0 0 0 0 4 1845 287 702 1258
0 2 1644 1976 467 7 0 0 0 0 215 885 1517 1235 244 0 0 0 0 6 1092 271 1050 1677
0 44 2084 1604 350 12 1 1 0 0 172 272 2220 1107 323 2 0 0 0 0 365 142 1803 1786
0 1 2158 1539 356 22 14 6 0 0 0 32 2677 1019 349 19 0 0 0 0 10 33 2317 1736
0 0 2275 1476 329 13 3 0 0 0 0 0 3040 752 304 0 0 0 0 0 0 33 2270 1793
0 9 1013 1533 588 725 228 0 0 5 23 33 2301 1417 317 0 0 1 22 96 847 312 1087 1731
1 585 1015 1146 641 562 139 7 0 343 496 309 1366 1229 350 3 0 3 484 683 583 337 577 1429
29 331 2066 540 511 458 156 5 0 284 127 108 2355 841 377 4 0 0 269 202 409 459 1463 1294
0 6 3557 213 320 0 0 0 0 0 0 210 3316 272 298 0 0 0 0 0 0 0 2998 1098
0 18 3556 202 320 0 0 0 0 0 0 504 3031 263 298 0 0 0 0 0 0 0 3163 933
0 182 3397 197 320 0 0 0 0 0 0 1074 2458 295 269 0 0 0 0 0 0 5 3215 876
0 591 2969 216 320 0 0 0 0 0 0 1289 2237 260 310 0 0 0 0 0 0 6 3279 811
0 789 2797 190 320 0 0 0 0 0 0 1405 2133 246 312 0 0 0 0 0 0 47 3337 712
0 836 2790 150 320 0 0 0 0 0 0 1486 2121 197 292 0 0 0 0 0 0 208 3204 684
727 1648 1359 346 11 5 0 0 0 1659 1317 980 131 7 2 0 0 378 1761 1491 426 30 8 2
210 1067 1664 497 306 298 47 7 0 744 1306 1163 387 369 118 9 0 5 1063 1025 1174 387 423 19
16 368 931 643 910 947 275 6 0 160 540 1071 440 985 740 160 0 7 409 336 826 598 771 1149
3 559 583 572 775 1100 501 3 0 245 537 655 267 728 1366 298 0 6 559 249 420 422 564 1876
35 472 852 410 603 927 778 19 0 283 401 772 235 610 1195 600 0 2 491 260 430 452 495 1966
4 510 889 444 407 904 843 95 0 139 658 563 313 560 1127 736 0 0 343 465 408 220 618 2042
0 0 690 1716 622 851 217 0 0 0 12 356 1085 1427 976 240 0 0 0 0 198 189 1954 1755
0 9 1940 1254 357 413 120 3 0 0 67 90 2583 737 489 130 0 0 0 0 87 119 3009 881
0 0 1761 898 459 948 30 0 0 0 40 166 2542 1187 154 7 0 1 65 260 782 339 2325 324
0 18 395 522 507 2315 336 3 0 3 226 252 1234 2212 114 55 0 11 271 570 2269 263 539 173
0 422 576 954 1077 935 127 5 0 404 446 1162 1335 704 44 1 0 22 815 1744 1342 144 29 0
3 686 297 333 896 1503 368 10 0 585 410 395 1322 1218 165 1 0 17 895 965 1561 577 80 1
479 2831 274 124 173 179 36 0 0 3181 352 171 263 118 11 0 0 109 3240 362 223 121 41 0
211 899 2873 35 35 28 7 8 0 556 42 1520 1916 39 13 10 0 0 557 35 55 720 2707 22
112 1208 2145 436 137 38 19 1 2 335 499 2271 916 52 21 0 0 183 609 504 233 675 1891 1
0 2564 1532 0 0 0 0 0 0 0 0 3708 388 0 0 0 0 0 0 0 0 1555 2541 0
0 3093 1003 0 0 0 0 0 0 0 0 3975 121 0 0 0 0 0 0 0 0 1852 2244 0
0 3273 823 0 0 0 0 0 0 0 0 3971 125 0 0 0 0 0 0 0 0 2562 1534 0
0 3673 423 0 0 0 0 0 0 0 1 4061 34 0 0 0 0 0 0 0 0 3148 948 0
3333 763 0 0 0 0 0 0 202 3884 10 0 0 0 0 0 0 2876 1220 0 0 0 0 0
377 3154 543 22 0 0 0 0 0 2504 1522 70 0 0 0 0 0 186 3718 189 3 0 0 0
362 2929 777 28 0 0 0 0 2 1842 2158 94 0 0 0 0 0 316 3438 336 6 0 0 0
294 2511 1278 11 2 0 0 0 1 1503 2495 92 5 0 0 0 0 315 3287 488 5 1 0 0
78 2409 1559 50 0 0 0 0 0 1259 2548 289 0 0 0 0 0 198 3381 516 1 0 0 0
109 2611 1361 15 0 0 0 0 0 1460 2477 159 0 0 0 0 0 217 3322 556 1 0 0 0
74 2159 1357 194 123 116 48 25 5 1244 2184 165 152 144 127 75 0 193 2718 625 82 92 169 217
227 2080 1312 326 127 24 0 0 3 1536 1748 286 339 181 3 0 0 444 2684 417 121 127 296 7
66 944 1417 254 658 748 9 0 1 661 1578 412 915 529 0 0 0 309 1899 1004 880 4 0 0
9 816 994 680 1028 567 2 0 2 628 1004 836 1360 266 0 0 0 168 1541 1738 645 4 0 0
0 384 644 980 1294 689 105 0 0 321 663 1230 1342 524 16 0 0 56 1053 1738 1174 74 1 0
14 2126 547 373 479 507 49 1 0 1960 760 483 560 312 21 0 0 68 2398 955 597 67 11 0
1176 2911 6 2 1 0 0 0 0 4015 77 2 2 0 0 0 0 64 3988 43 1 0 0 0
1054 667 1012 1009 271 62 12 9 31 1520 547 1232 681 68 5 12 1 725 1691 866 220 329 236 28
3144 828 108 16 0 0 0 0 72 3784 180 52 8 0 0 0 0 3272 753 40 22 9 0 0
756 3040 281 9 3 3 4 0 53 1114 55 2816 51 6 1 0 0 634 543 39 283 2523 74 0
0 2869 222 38 43 127 791 6 0 0 12 3082 88 773 141 0 0 0 7 215 861 2968 45 0
7 1388 198 42 81 787 1576 17 0 0 7 1596 215 2055 223 0 0 2 55 1003 1422 1552 62 0
0 352 149 54 203 1646 1680 12 0 0 2 542 588 2713 250 1 0 6 154 1919 1478 526 13 0
1196 2337 527 35 1 0 0 0 111 2755 1056 173 1 0 0 0 2 2139 1841 112 2 0 0 0
356 2019 1324 356 41 0 0 0 11 1571 1857 588 68 1 0 0 1 902 2683 476 33 1 0 0
513 2595 890 98 0 0 0 0 1 2279 1528 285 3 0 0 0 0 1095 2720 280 1 0 0 0
427 2405 1189 74 1 0 0 0 14 2036 1865 179 2 0 0 0 0 948 2823 319 6 0 0 0
752 2450 857 37 0 0 0 0 24 2553 1423 93 3 0 0 0 0 1584 2331 178 3 0 0 0
661 2499 792 111 29 3 1 0 17 2667 1195 175 37 4 1 0 0 1446 2267 293 74 15 1 0
109 1785 903 671 222 123 283 0 8 1416 1251 710 312 211 188 0 0 357 1703 939 610 273 214 0
8 675 677 1280 404 232 819 1 0 474 775 1362 461 519 505 0 0 48 576 1406 991 489 586 0
0 41 593 1832 827 506 296 1 0 27 465 1855 964 644 141 0 0 10 267 1351 1473 693 299 3
1 44 639 1580 1480 301 37 14 1 19 478 1456 1452 634 30 26 0 13 220 1032 1436 740 582 73
0 157 534 992 860 598 898 57 0 142 464 918 825 379 1045 323 0 4 311 831 722 453 420 1355
9 1053 440 635 400 881 641 37 0 953 464 345 485 478 1187 184 0 18 1043 500 283 419 504 1329
333 1001 246 700 832 746 237 1 1 1291 215 502 567 774 668 78 0 29 1373 429 362 467 800 636
832 522 999 939 504 202 91 7 500 950 1117 950 411 135 33 0 13 1178 1244 1197 401 57 6 0
2284 189 37 28 30 167 1323 38 1800 690 34 19 88 1282 183 0 33 2442 66 367 1129 59 0 0
520 98 50 25 37 654 2647 65 466 136 34 64 198 2721 477 0 15 589 50 1093 2245 101 3 0
0 0 0 0 15 918 3108 55 0 0 0 7 265 3464 359 1 0 0 34 1717 2326 18 1 0
0 0 1 9 81 1462 2495 48 0 0 3 27 535 3193 338 0 1 7 113 2069 1878 28 0 0
0 0 0 0 143 1683 2244 26 0 0 0 20 722 3088 266 0 0 1 194 2364 1530 7 0 0
749 1046 562 1082 599 49 9 0 80 1552 673 839 894 52 6 0 2 1341 804 602 1255 85 5 2
205 1270 744 1356 510 10 1 0 7 1212 903 993 932 45 3 1 0 683 1199 581 1298 320 14 1
70 1038 806 1322 715 111 31 3 0 861 911 808 1171 267 60 18 0 348 1037 688 812 886 251 74
10 517 1053 1499 845 170 2 0 0 400 1051 856 1199 500 90 0 0 128 873 770 934 810 465 116
73 512 706 2407 388 10 0 0 0 500 636 1008 1921 31 0 0 0 239 461 882 1067 1438 9 0
6 79 568 2962 427 49 5 0 0 55 370 1237 2331 83 18 2 0 9 92 867 1094 1913 102 19
0 8 722 2295 360 295 416 0 0 2 329 1191 1778 718 65 13 0 0 17 1049 1267 1312 395 56
2 52 727 1172 871 1007 265 0 0 28 536 1108 1191 1127 106 0 1 28 255 2184 994 301 248 85
31 584 954 1567 895 63 2 0 12 505 817 1399 1186 157 20 0 24 650 1639 1051 342 277 95 18
495 992 1214 1054 289 50 2 0 299 950 1035 1245 401 152 14 0 336 1184 1162 517 454 298 129 16
259 886 1460 945 321 159 61 5 164 834 620 1151 918 257 120 32 186 933 541 269 688 1053 267 159
38 179 1864 1033 358 251 363 10 49 141 215 1985 930 586 174 16 65 155 176 332 2181 896 178 113
137 238 820 506 226 362 1778 29 119 259 388 841 367 1855 264 3 172 252 316 1030 2073 188 55 10
1 49 161 104 49 716 2957 59 1 62 163 107 304 3204 255 0 0 33 185 1597 2251 30 0 0
0 0 0 0 45 1296 2715 40 0 0 0 20 733 3163 180 0 0 0 69 2038 1972 17 0 0
0 0 0 0 45 1078 2857 116 0 0 0 18 569 3197 312 0 0 1 71 1648 2299 77 0 0
0 0 0 1 32 903 2974 186 0 0 0 15 440 3072 567 2 0 1 55 1490 2453 95 2 0
0 0 0 6 140 1445 2366 139 0 0 3 47 795 2808 442 1 0 7 174 1883 1931 100 1 0
0 0 0 20 316 1843 1861 56 0 0 4 85 1007 2618 380 2 0 17 400 2157 1477 44 1 0
0 26 113 1602 1685 236 336 98 0 19 59 957 2308 352 399 2 0 13 88 741 1945 894 414 1
0 0 6 881 1133 387 1310 379 0 0 2 456 1511 651 1472 4 0 0 2 123 889 1873 1208 1
0 0 63 1399 1436 657 537 4 0 0 51 1154 1451 990 430 20 0 0 19 720 1339 1174 753 91
0 0 168 2218 920 692 81 17 0 0 89 1753 1253 834 108 59 0 5 128 1719 1089 422 590 143
0 0 220 2184 981 639 72 0 0 0 130 1300 1901 755 6 4 0 34 594 1917 620 865 57 9
0 6 112 1728 1026 944 280 0 0 2 87 1063 1807 1126 11 0 2 82 1122 1724 532 580 54 0
0 4 266 1501 1250 930 145 0 0 4 233 1396 1673 787 3 0 1 165 1923 1740 245 22 0 0
3 359 1475 1571 592 96 0 0 1 251 1277 1774 747 46 0 0 8 752 2463 852 21 0 0 0
23 860 2042 946 112 35 75 3 7 638 2026 1154 171 74 26 0 16 1285 2319 384 85 5 2 0
580 1108 852 170 60 311 998 17 262 1299 888 268 113 1147 119 0 461 1472 722 579 850 12 0 0
173 661 227 70 73 363 2490 39 105 717 253 79 160 2533 249 0 167 750 253 754 2155 17 0 0
8 17 6 12 13 590 3371 79 16 12 10 11 246 3432 369 0 14 20 26 1316 2688 32 0 0
0 0 0 0 55 944 3006 91 0 0 0 25 574 3089 408 0 0 0 55 1496 2512 33 0 0
0 0 0 2 65 1319 2613 97 0 0 2 33 887 2955 219 0 0 3 84 1803 2137 69 0 0
0 0 0 0 81 1390 2479 146 0 0 0 33 819 2738 505 1 0 2 105 1671 2215 103 0 0
0 0 4 14 151 1521 2242 164 0 0 11 56 820 2646 561 2 0 15 173 1713 2053 142 0 0
0 0 0 19 215 1476 2218 168 0 0 2 77 781 2582 646 8 0 17 232 1705 1995 147 0 0
0 0 7 57 268 1529 2062 173 0 1 10 100 842 2439 693 11 3 30 278 1687 1927 171 0 0
0 0 2 47 433 1634 1770 210 0 0 8 107 963 2343 659 16 1 25 380 1777 1719 189 5 0
0 117 392 1636 1526 425 0 0 0 51 309 1008 2456 272 0 0 20 185 2120 1267 501 3 0 0
0 28 217 1778 1557 392 124 0 0 16 115 1372 2323 215 55 0 14 135 2127 1435 248 111 26 0
2 39 610 2099 1063 282 1 0 0 21 366 2041 1514 154 0 0 10 197 2122 1708 59 0 0 0
0 93 896 2359 735 13 0 0 0 62 730 2328 953 23 0 0 7 275 2541 1269 4 0 0 0
0 102 1072 2533 386 3 0 0 0 87 914 2576 516 3 0 0 6 334 2859 895 2 0 0 0
0 92 1381 2136 223 135 129 0 0 70 1198 2349 247 229 3 0 5 374 2952 614 151 0 0 0
0 52 723 1803 218 497 803 0 0 45 678 1908 298 1132 35 0 0 199 2186 974 737 0 0 0
0 111 850 558 74 946 1554 3 0 109 814 610 280 2195 88 0 1 313 1096 1398 1277 11 0 0
0 50 159 71 68 1301 2432 15 0 56 148 102 402 3199 189 0 0 118 207 1839 1919 13 0 0
0 0 0 1 38 926 3082 49 0 0 0 17 404 3433 241 1 0 1 36 1738 2292 29 0 0
0 0 0 0 17 968 3009 102 0 0 0 6 530 3279 281 0 0 0 32 1498 2487 79 0 0
0 0 0 2 72 995 2858 169 0 0 0 23 612 3013 447 1 0 1 64 1151 2726 154 0 0
0 0 5 45 206 1271 2408 161 0 0 10 87 770 2760 464 5 0 29 183 1556 2192 136 0 0
0 3 23 129 402 1338 2086 115 0 4 33 169 759 2617 506 8 7 73 350 1661 1891 112 2 0
0 0 20 145 443 1615 1733 140 0 1 26 194 879 2330 655 11 2 62 449 1814 1611 155 3 0
0 0 3 48 256 1634 1969 186 0 0 14 94 855 2525 596 12 1 23 236 1859 1777 200 0 0
0 3 31 194 628 1647 1434 159 0 4 42 311 1132 2059 529 19 5 74 543 1729 1532 203 10 0
0 1 38 188 833 1685 1213 138 0 1 64 338 1317 1892 461 23 5 84 618 1734 1429 214 12 0
0 6 41 214 813 1811 1107 104 0 10 54 358 1544 1784 335 11 10 98 677 1956 1203 149 3 0
