64 1 3
1.0 
1.0 
1.0 
5.42 0.2 1.1 0.52 2.92 0.04 1.96 4.2 9.22 0.26 2.6 0.1 7.62 1.22 0.68 0.1 2.26 0.4 1.38 1.96 3.88 6.26 3.72 2.34 0.18 7.02 5.6 2.6 0.28 1.98 4.74 2.08 2.4 2.64 0.14 3.84 0.04 1.58 7.88 0.0 0.04 4.46 1.92 0.02 1.2 1.66 3.28 1.02 6.58 0.0 3.88 0.88 0.08 6.04 0.84 0.04 6.22 0.06 8.72 1.24 5.1 5.58 3.86 2.76 
2.46 6.6 6.66 4.86 0.04 0.52 11.62 15.8 4.74 3.16 3.84 0.22 2.08 8.38 1.86 0.88 6.86 0.66 4.94 0.88 11.9 3.56 3.88 14.3 7.58 2.84 7.66 5.16 1.96 7.4 4.54 8.26 0.56 3.34 0.24 1.2 0.0 5.26 3.64 0.14 0.0 7.78 13.8 2.7 0.12 1.6 7.4 3.28 2.86 0.0 2.1 2.26 1.3 0.5 4.86 0.0 18.76 2.44 2.54 5.68 0.62 7.56 7.24 8.18 
0.1 6.06 4.28 3.1 0.5 6.48 3.5 5.32 4.86 5.32 0.06 4.46 1.0 4.26 9.66 6.18 9.5 10.64 0.14 2.18 3.9 4.76 4.14 9.14 7.98 0.0 0.0 2.56 9.58 0.06 5.44 9.88 0.2 4.02 6.94 3.0 1.0 4.42 1.42 2.74 6.4 0.6 7.88 6.68 3.96 0.0 2.7 2.84 2.44 5.22 0.54 2.96 4.82 0.04 0.0 6.02 6.42 0.0 2.56 0.08 0.04 3.04 2.24 4.3 
487.6836 -0.544 50.318 51.0416 28.6536 0.1432 -1.8632 -7.744 -11.2724 23.6708 1.108 -0.242 380.0996 -3.7924 1.5544 -0.182 25.4708 -2.048 2.7004 93.3968 152.9904 574.9708 418.6376 59.8372 1.6244 967.9516 451.728 106.208 3.6624 189.3484 444.8092 31.0064 -8.708 212.3712 0.6412 460.6672 -0.2168 46.2564 1041.1104 0.0 -0.1568 -18.3332 68.2136 -0.0484 -5.804 3.3028 200.3624 -4.2284 710.1964 0.0 -12.1496 -0.5896 -0.4336 805.7032 2.8472 -0.0968 138.2676 0.1148 31.2376 3.8192 137.818 365.6764 453.9788 34.8608 
-0.544 1.68 -0.22 -0.104 -0.384 0.012 -0.352 2.52 -0.844 -0.052 -0.5 0.24 -1.044 0.996 1.064 0.04 -0.052 -0.06 -0.236 0.008 0.404 -1.232 -0.684 1.592 -0.036 -1.384 -0.82 -0.2 -0.056 -0.316 -0.728 -0.356 -0.48 -0.488 -0.028 -0.688 0.112 -0.316 -1.576 0.0 0.152 1.448 1.636 0.096 -0.24 -0.152 -0.116 -0.144 -0.956 0.0 -0.416 -0.156 -0.016 -0.968 0.072 0.192 1.056 0.028 -0.444 -0.148 1.24 -0.576 -0.012 -0.412 
50.318 -0.22 11.69 6.528 -2.472 0.016 0.504 1.42 2.778 2.914 8.66 -0.11 33.018 0.458 -0.328 -0.05 2.834 -0.24 9.242 11.224 20.792 67.714 44.788 7.626 0.242 103.118 61.18 12.34 1.932 21.082 47.286 2.552 -1.84 22.036 -0.014 49.276 -0.044 8.542 112.052 0.0 -0.044 -1.526 7.168 -0.022 3.1 3.674 26.012 6.318 75.162 0.0 -0.048 1.792 -0.088 86.816 0.076 -0.044 15.538 -0.046 10.208 3.936 17.49 38.362 49.274 1.784 
51.0416 -0.104 6.528 6.8896 1.4616 -0.0208 0.2408 -1.164 0.9056 2.7648 0.488 -0.052 38.3376 -0.1144 -0.3336 -0.052 2.8648 -0.168 1.1624 10.3008 17.4824 64.3848 45.8856 6.3232 0.1264 106.1696 52.648 11.808 0.7544 21.0504 48.8152 3.4584 -0.828 23.2272 -0.0728 50.6832 -0.0208 5.3984 114.9024 0.0 -0.0208 -1.7592 7.1416 -0.0104 0.256 0.5968 22.5544 0.9496 77.8184 0.0 -0.9376 0.4224 -0.0416 88.0792 -0.3568 -0.0208 14.8456 -0.0312 6.6656 0.2752 12.888 39.6784 49.1928 2.2448 
28.6536 -0.384 -2.472 1.4616 259.9936 0.0832 42.0968 1.576 13.7376 -0.4392 -7.392 -0.292 366.3496 -1.1024 0.3144 -0.292 -2.5192 -1.168 -3.5896 -2.4032 44.7304 -5.1192 -5.2424 7.8472 15.5744 -5.9984 -9.472 28.348 6.1224 -2.7016 -4.9208 -1.9936 15.512 2.3512 -0.4088 -4.6528 -0.1168 62.6064 -7.1896 0.0 -0.1168 -12.4232 59.6736 -0.0584 -1.764 -4.4272 29.0824 -2.5784 -9.6936 0.0 -10.2096 18.2504 -0.2136 -6.9168 -2.4528 -0.1168 88.8976 -0.1752 -23.6224 -3.6208 -10.872 154.8064 -5.0712 156.4008 
0.1432 0.012 0.016 -0.0208 0.0832 1.0384 -0.0184 0.332 -0.2488 -0.0104 0.496 -0.004 -0.0648 0.1912 -0.0272 -0.004 -0.0504 -0.016 0.1448 -0.0784 -0.0552 -0.2504 -0.0888 0.1464 -0.0072 -0.2808 0.136 -0.084 -0.0112 -0.0792 -0.1896 -0.0432 -0.096 -0.0456 -0.0056 -0.1136 -0.0016 -0.0632 -0.3152 0.0 -0.0016 -0.0384 -0.0768 -0.0008 -0.048 -0.0664 0.0488 -0.0408 -0.2632 0.0 -0.0152 0.0248 -0.0032 -0.0416 -0.0336 -0.0016 -0.0688 -0.0024 -0.2488 0.0904 0.296 -0.0632 0.3456 -0.0104 
-1.8632 -0.352 0.504 0.2408 42.0968 -0.0184 50.4784 -2.152 22.5888 0.2904 2.584 -0.196 52.8048 0.9488 -0.5328 -0.196 33.2104 0.656 0.6552 15.7784 10.2952 50.6504 -4.5312 0.3536 2.4272 5.6208 2.164 6.484 2.0912 3.4392 26.5296 30.8632 99.056 -0.4544 -0.1344 -4.2864 -0.0784 9.3432 11.0552 0.0 -0.0784 5.1584 7.7568 -0.0392 17.008 0.6064 5.8112 -0.1192 -7.4368 0.0 4.8152 4.6952 0.1032 -10.6384 -0.9664 -0.0784 14.3688 -0.0976 19.5888 0.1896 1.604 22.0032 -5.1656 25.0104 
-7.744 2.52 1.42 -1.164 1.576 0.332 -2.152 42.68 153.696 -1.092 35.48 0.54 4.056 13.996 10.744 0.12 4.848 9.22 9.804 0.548 10.104 -11.432 3.816 17.152 0.304 -28.564 -1.56 27.64 0.024 -6.056 0.912 3.484 -9.48 15.032 1.512 0.032 -0.168 3.804 -30.756 0.0 0.432 94.148 11.456 0.516 2.24 3.228 7.044 7.936 11.564 0.0 60.804 8.904 1.444 -18.508 7.392 1.032 45.556 0.408 136.356 8.612 8.48 11.724 -2.832 6.288 
-11.2724 -0.844 2.778 0.9056 13.7376 -0.2488 22.5888 153.696 1845.0116 0.8628 298.448 0.878 136.9636 92.4516 -5.9296 1.818 88.2228 106.712 41.0764 -10.8512 67.5464 19.2628 166.3816 45.7852 1.4804 -15.0644 9.428 338.348 3.9784 1.8844 167.1972 87.8024 -16.588 243.7592 -1.2908 149.8352 -0.3688 15.8124 12.2064 0.0 -0.3688 943.6188 3.4176 -0.1844 -9.604 -0.1452 51.2184 -4.2244 356.7324 0.0 708.9264 92.8264 17.5224 -2.7488 3.8152 -0.3688 383.5516 1.2468 1682.9416 2.5872 65.198 204.3324 -11.6292 70.1728 
23.6708 -0.052 2.914 2.7648 -0.4392 -0.0104 0.2904 -1.092 0.8628 2.4724 -0.556 -0.026 16.1588 0.0428 -0.1768 -0.026 1.1724 -0.104 -0.3588 4.6104 7.7712 29.4124 21.4328 2.9916 -0.0468 49.8748 24.904 5.264 0.3872 10.2252 22.7676 1.6192 -0.324 10.8736 -0.0364 23.8816 -0.0104 1.8492 54.4912 0.0 -0.0104 -1.1596 2.9808 -0.0052 -0.312 0.4684 10.1872 -0.2652 36.4292 0.0 -0.4088 0.1912 -0.0208 41.2696 -0.2184 -0.0104 6.2228 -0.0156 4.5128 -0.0824 6.874 17.9692 22.9964 0.4624 
1.108 -0.5 8.66 0.488 -7.392 0.496 2.584 35.48 298.448 -0.556 98.4 -0.26 9.928 15.028 -1.768 -0.26 15.324 16.96 45.012 -5.096 18.272 1.044 25.368 13.476 1.252 -14.692 -3.24 59.4 3.772 -4.668 21.976 12.492 -6.04 37.176 -0.364 17.936 -0.104 5.752 -15.808 0.0 -0.104 164.384 -1.472 -0.052 -3.12 -3.636 12.232 -2.652 48.092 0.0 111.992 15.592 2.792 -2.944 -0.464 -0.104 61.528 -0.156 266.468 15.616 16.22 28.812 5.324 5.864 
-0.242 0.24 -0.11 -0.052 -0.292 -0.004 -0.196 0.54 0.878 -0.026 -0.26 1.17 -0.162 0.078 0.172 0.11 0.134 2.16493489802e-17 -0.138 0.124 0.132 -0.586 -0.252 0.286 -0.018 -0.662 -3.41948691585e-16 0.02 -0.028 -0.038 -0.214 -0.168 -0.24 -0.224 -0.014 -0.304 0.076 -0.158 -0.788 0.0 0.056 0.014 0.428 0.018 -0.12 0.014 -0.208 0.018 0.062 0.0 0.172 -0.048 -0.008 -0.124 0.396 0.036 0.398 0.074 1.528 0.076 0.65 -0.318 -0.106 -0.196 
380.0996 -1.044 33.018 38.3376 366.3496 -0.0648 52.8048 4.056 136.9636 16.1588 9.928 -0.162 772.7156 -0.3164 -1.8616 0.138 19.6388 4.132 1.6044 59.5048 173.4744 399.9988 301.1736 54.2492 22.2684 676.1876 309.128 136.748 11.1864 130.1924 318.6812 22.6504 6.092 169.3832 -1.0668 330.0992 -0.3048 119.0804 726.9944 0.0 -0.3048 30.9748 128.6296 -0.1524 -7.404 -4.6492 182.9864 -5.1324 517.1804 0.0 25.8344 30.0144 0.5304 563.2352 -2.4008 -0.3048 242.1236 0.1428 108.0736 -3.7688 86.178 479.9604 312.1468 237.9688 
-3.7924 0.996 0.458 -0.1144 -1.1024 0.1912 0.9488 13.996 92.4516 0.0428 15.028 0.078 -0.3164 10.9316 1.5704 -0.122 3.6828 5.312 2.6164 -1.8312 3.5464 -3.7172 5.0616 4.9652 -0.1396 -8.0444 -0.532 15.948 0.4584 -1.0156 4.4372 3.7024 -2.328 10.5392 -0.1708 4.6752 -0.0488 0.1124 -6.2936 0.0 0.1512 52.0588 2.0976 0.1756 -0.544 0.7948 3.1784 0.3556 11.5924 0.0 35.9864 4.8464 0.8824 -6.7888 -0.9448 0.3512 19.8316 -0.0732 85.4016 -0.3528 8.098 7.0124 -3.2892 2.4728 
1.5544 1.064 -0.328 -0.3336 0.3144 -0.0272 -0.5328 10.744 -5.9296 -0.1768 -1.768 0.172 -1.8616 1.5704 12.2576 -0.068 -1.0568 -0.272 -0.9384 4.9672 1.4816 -4.2568 -2.5296 6.6888 0.0176 -4.7736 -3.808 -0.988 -0.1304 0.3336 -2.9832 -1.4144 -1.512 -1.7352 2.8448 -2.6112 -0.0272 -0.4944 -5.3584 0.0 0.2128 2.4872 6.7544 0.2264 -0.396 4.1512 2.8096 0.1464 -4.4744 0.0 -2.6384 -0.4184 -0.0544 -4.1072 11.1888 0.4528 7.1104 0.3792 -5.9296 9.6568 0.372 -0.9744 -1.1848 1.6432 
-0.182 0.04 -0.05 -0.052 -0.292 -0.004 -0.196 0.12 1.818 -0.026 -0.26 0.11 0.138 -0.122 -0.068 1.21 0.254 0.02 -0.138 -0.076 0.092 -0.566 -0.192 0.006 -0.018 -0.642 0.28 0.1 -0.028 0.042 -0.114 -0.148 -0.24 -0.104 -0.014 -0.224 -0.004 -0.158 -0.788 0.0 -0.004 -0.446 0.188 -0.002 -0.12 0.074 -0.228 0.078 0.442 0.0 0.452 -0.028 -0.008 0.116 0.636 -0.004 0.438 0.114 2.768 0.176 0.75 -0.278 -0.266 -0.136 
25.4708 -0.052 2.834 2.8648 -2.5192 -0.0504 33.2104 4.848 88.2228 1.1724 15.324 0.134 19.6388 3.6828 -1.0568 0.254 37.5524 5.036 4.2412 19.5904 14.5512 85.2724 32.7928 4.3716 -0.1668 71.2148 27.964 22.324 0.1872 14.1052 61.8476 32.6992 79.596 23.7136 -0.3164 34.1616 -0.0904 1.3492 78.5912 0.0 -0.0504 44.4604 2.6408 -0.0052 14.308 -2.7316 14.6072 0.4948 60.3492 0.0 32.1912 3.2112 0.7792 47.9696 0.2616 -0.0104 24.8828 0.1844 84.0928 0.1576 5.614 26.0492 26.5964 -1.1576 
-2.048 -0.06 -0.24 -0.168 -1.168 -0.016 0.656 9.22 106.712 -0.104 16.96 2.16493489802e-17 4.132 5.312 -0.272 0.02 5.036 7.36 1.668 -0.524 2.788 0.636 9.012 2.444 -0.072 -2.788 -1.04 19.24 -0.112 -0.712 9.064 5.328 -0.96 14.084 -0.056 7.864 -0.016 0.428 -1.712 0.0 -0.016 56.176 -0.568 -0.008 -0.04 -0.304 2.248 0.392 19.328 0.0 41.788 5.188 1.048 -2.176 -0.096 -0.016 21.492 0.016 95.992 -0.396 1.7 9.808 -1.424 2.656 
2.7004 -0.236 9.242 1.1624 -3.5896 0.1448 0.6552 9.804 41.0764 -0.3588 45.012 -0.138 1.6044 2.6164 -0.9384 -0.138 4.2412 1.668 40.2756 -1.8848 12.4056 4.6012 3.2264 3.5308 1.5116 -6.1676 -2.048 12.972 4.0136 -2.6724 1.6188 0.2696 -3.312 2.6768 -0.1932 -0.3392 -0.0552 6.9996 -10.3944 0.0 -0.0552 26.5652 1.1304 -0.0276 -0.036 -1.3508 7.8736 0.9524 3.3996 0.0 11.1056 2.3056 0.2496 0.3048 0.6008 -0.0552 10.8164 -0.0828 35.0064 14.4088 8.302 4.5196 -0.1868 0.5912 
93.3968 0.008 11.224 10.3008 -2.4032 -0.0784 15.7784 0.548 -10.8512 4.6104 -5.096 0.124 59.5048 -1.8312 4.9672 -0.076 19.5904 -0.524 -1.8848 35.0784 31.5152 146.6704 82.4288 11.6136 -0.3528 200.7608 99.564 18.184 0.0912 39.9392 102.6696 19.9432 41.076 41.1856 1.8256 91.1136 0.1616 8.9632 216.7152 0.0 0.0416 -8.1016 13.0168 -0.0392 11.728 3.8464 43.2312 8.4608 140.1432 0.0 -4.6248 -0.3648 -0.1568 159.5216 7.2336 -0.0784 27.3488 0.2624 -1.2512 5.3496 15.604 66.2832 90.5944 0.0504 
152.9904 0.404 20.792 17.4824 44.7304 -0.0552 10.2952 10.104 67.5464 7.7712 18.272 0.132 173.4744 3.5464 1.4816 0.092 14.5512 2.788 12.4056 31.5152 67.3856 192.6712 137.3864 25.4608 3.2016 305.2824 154.132 51.572 3.9136 59.9976 148.2688 13.9696 5.248 74.7568 -0.1232 149.6608 -0.1552 28.2496 329.7656 0.0 0.0448 28.4552 34.7304 0.1224 2.564 1.4392 74.2336 5.4824 235.6696 0.0 18.4456 7.3456 0.4096 254.8048 1.0208 0.2448 76.0264 0.1472 73.0864 4.5888 40.492 146.7496 143.0432 32.9112 
574.9708 -1.232 67.714 64.3848 -5.1192 -0.2504 50.6504 -11.432 19.2628 29.4124 1.044 -0.586 399.9988 -3.7172 -4.2568 -0.566 85.2724 0.636 4.6012 146.6704 192.6712 826.2324 525.2328 67.6716 -0.6468 1233.1948 589.304 134.004 3.3272 238.9052 607.2876 88.9392 131.036 268.9736 -0.8764 577.6416 -0.2504 53.1892 1329.7512 0.0 -0.2504 -1.9796 72.9408 -0.1252 33.968 -1.9116 252.5072 18.5548 892.4492 0.0 -0.5088 0.4512 -0.0808 1000.3096 -4.5384 -0.2504 165.9828 -0.3356 70.1528 -3.5824 118.834 431.9292 563.1964 4.0024 
418.6376 -0.684 44.788 45.8856 -5.2424 -0.0888 -4.5312 3.816 166.3816 21.4328 25.368 -0.252 301.1736 5.0616 -2.5296 -0.192 32.7928 9.012 3.2264 82.4288 137.3864 525.2328 397.0016 53.8752 -0.4696 875.9656 406.628 125.128 2.2584 169.2744 420.7072 38.7424 -8.928 216.4392 -0.5208 432.3152 -0.1488 32.5824 944.6264 0.0 -0.1488 78.4888 52.4176 -0.0744 -4.424 -5.7752 179.1584 -3.6144 678.5024 0.0 55.7464 5.7664 1.4424 727.2912 -2.2048 -0.1488 148.6016 -0.1032 189.9016 -2.1928 93.228 330.2624 407.3608 7.1528 
59.8372 1.592 7.626 6.3232 7.8472 0.1464 0.3536 17.152 45.7852 2.9916 13.476 0.286 54.2492 4.9652 6.6888 0.006 4.3716 2.444 3.5308 11.6136 25.4608 67.6716 53.8752 20.4644 0.5788 112.9932 59.096 22.716 0.9048 22.6868 55.6484 4.1528 -4.496 31.4624 0.7924 57.9544 -0.0936 7.9028 122.5208 0.0 0.3064 30.1236 17.2272 0.3532 -0.888 1.6756 28.9648 1.0732 92.3428 0.0 16.3208 3.6208 0.3528 96.5864 3.3944 0.7064 36.3052 0.1396 46.6952 4.7584 22.726 53.7228 59.8876 8.7416 
1.6244 -0.036 0.242 0.1264 15.5744 -0.0072 2.4272 0.304 1.4804 -0.0468 1.252 -0.018 22.2684 -0.1396 0.0176 -0.018 -0.1668 -0.072 1.5116 -0.3528 3.2016 -0.6468 -0.4696 0.5788 2.0276 -1.1036 -1.008 2.072 0.5696 -0.3564 -0.6532 -0.3344 0.408 -0.0152 -0.0252 -0.6112 -0.0072 4.1356 -1.4184 0.0 -0.0072 -0.2428 3.7344 -0.0036 -0.216 -0.2988 1.9496 -0.1836 -0.9444 0.0 -0.6584 1.1416 -0.0144 -0.7672 -0.0712 -0.0072 5.6204 -0.0108 -0.9296 0.4568 -0.398 9.3956 -0.6548 9.5632 
967.9516 -1.384 103.118 106.1696 -5.9984 -0.2808 5.6208 -28.564 -15.0644 49.8748 -14.692 -0.662 676.1876 -8.0444 -4.7736 -0.642 71.2148 -2.788 -6.1676 200.7608 305.2824 1233.1948 875.9656 112.9932 -1.1036 2033.9396 943.888 214.768 5.1744 394.5604 947.6452 83.6184 27.052 445.2472 -0.9828 965.2432 -0.2808 73.5284 2190.0024 0.0 -0.2808 -30.1892 122.3216 -0.1404 -0.024 -10.6732 404.5944 -6.3004 1487.4284 0.0 -26.2776 -5.6576 -0.5616 1678.1192 -5.4968 -0.2808 261.2756 -0.3812 79.9256 -7.0048 206.218 722.0684 939.8228 7.2048 
451.728 -0.82 61.18 52.648 -9.472 0.136 2.164 -1.56 9.428 24.904 -3.24 -3.41948691585e-16 309.128 -0.532 -3.808 0.28 27.964 -1.04 -2.048 99.564 154.132 589.304 406.628 59.096 -1.008 943.888 507.92 98.94 4.872 189.732 436.656 32.972 0.86 205.236 -0.784 449.976 -0.224 48.352 1024.712 0.0 -0.224 -22.816 59.888 -0.112 15.7 15.064 203.392 29.848 692.392 0.0 0.212 6.652 -0.448 785.976 -1.344 -0.224 129.948 0.224 70.668 -0.444 124.08 340.392 447.404 9.004 
106.208 -0.2 12.34 11.808 28.348 -0.084 6.484 27.64 338.348 5.264 59.4 0.02 136.748 15.948 -0.988 0.1 22.324 19.24 12.972 18.184 51.572 134.004 125.128 22.716 2.072 214.768 98.94 90.8 2.292 41.352 131.136 23.332 -4.14 93.296 -0.364 130.936 -0.104 18.352 234.852 0.0 -0.064 172.824 21.008 -0.012 -3.12 -2.896 56.812 -2.292 224.992 0.0 125.752 18.032 3.152 180.056 -0.304 -0.024 109.408 0.084 312.348 1.496 32.02 132.052 99.164 29.644 
3.6624 -0.056 1.932 0.7544 6.1224 -0.0112 2.0912 0.024 3.9784 0.3872 3.772 -0.028 11.1864 0.4584 -0.1304 -0.028 0.1872 -0.112 4.0136 0.0912 3.9136 3.3272 2.2584 0.9048 0.5696 5.1744 4.872 2.292 2.1216 1.8056 2.1728 -0.2224 0.188 0.9808 -0.0392 2.6048 -0.0112 2.7576 6.4336 0.0 -0.0112 0.1512 2.1624 -0.0056 -0.336 1.0352 3.2016 -0.2856 3.6176 0.0 0.0136 1.0936 -0.0224 4.6488 -0.0352 -0.0112 3.3984 -0.0168 5.2784 1.7528 4.412 6.8176 2.0192 4.7672 
189.3484 -0.316 21.082 21.0504 -2.7016 -0.0792 3.4392 -6.056 1.8844 10.2252 -4.668 -0.038 130.1924 -1.0156 0.3336 0.042 14.1052 -0.712 -2.6724 39.9392 59.9976 238.9052 169.2744 22.6868 -0.3564 394.5604 189.732 41.352 1.8056 80.6596 183.7148 16.0416 7.248 85.5728 0.2828 187.4768 -0.0792 14.2716 427.7576 0.0 -0.0792 -8.7708 24.1384 -0.0396 -0.196 2.2932 79.7856 -1.3996 288.5116 0.0 -3.7624 -0.1224 -0.1584 325.8608 1.5368 -0.0792 50.5644 0.1212 26.5344 0.8648 50.802 140.0116 181.7172 3.4352 
444.8092 -0.728 47.286 48.8152 -4.9208 -0.1896 26.5296 0.912 167.1972 22.7676 21.976 -0.214 318.6812 4.4372 -2.9832 -0.114 61.8476 9.064 1.6188 102.6696 148.2688 607.2876 420.7072 55.6484 -0.6532 947.6452 436.656 131.136 2.1728 183.7148 473.9924 65.7008 67.104 228.9664 -0.6636 459.8384 -0.1896 34.2908 1023.3288 0.0 -0.1696 77.4396 55.5992 -0.0748 10.412 -6.6284 191.9528 -1.4148 721.6108 0.0 55.2288 5.2888 1.4208 774.6104 -2.3416 -0.1496 156.2572 -0.0444 194.2672 -3.5376 96.546 348.9508 433.7836 5.6976 
31.0064 -0.356 2.552 3.4584 -1.9936 -0.0432 30.8632 3.484 87.8024 1.6192 12.492 -0.168 22.6504 3.7024 -1.4144 -0.148 32.6992 5.328 0.2696 19.9432 13.9696 88.9392 38.7424 4.1528 -0.3344 83.6184 32.972 23.332 -0.2224 16.0416 65.7008 33.3536 73.488 27.7688 -0.2912 41.0528 -0.0832 1.2936 92.4696 0.0 -0.0832 46.3032 1.8664 -0.0416 13.464 -2.9128 16.4376 0.3584 69.2136 0.0 33.9296 3.4296 0.8536 57.2568 -1.4672 -0.0832 24.8824 -0.0848 81.8624 -2.1392 3.892 31.0336 32.5912 -0.8808 
-8.708 -0.48 -1.84 -0.828 15.512 -0.096 99.056 -9.48 -16.588 -0.324 -6.04 -0.24 6.092 -2.328 -1.512 -0.24 79.596 -0.96 -3.312 41.076 5.248 131.036 -8.928 -4.496 0.408 27.052 0.86 -4.14 0.188 7.248 67.104 73.488 234.08 -5.976 -0.336 -8.816 -0.096 -0.012 35.108 0.0 -0.096 -10.704 -1.048 -0.048 42.9 -2.484 1.268 1.912 -15.692 0.0 -8.312 -0.332 -0.192 -14.296 -2.016 -0.096 -4.768 -0.144 -15.228 -2.576 -8.44 -3.852 -4.904 2.796 
212.3712 -0.488 22.036 23.2272 2.3512 -0.0456 -0.4544 15.032 243.7592 10.8736 37.176 -0.224 169.3832 10.5392 -1.7352 -0.104 23.7136 14.084 2.6768 41.1856 74.7568 268.9736 216.4392 31.4624 -0.0152 445.2472 205.236 93.296 0.9808 85.5728 228.9664 27.7688 -5.976 133.7104 -0.3696 233.6824 -0.1056 18.1488 482.2368 0.0 -0.1056 124.1856 27.1712 -0.0528 -3.128 -4.2624 95.4608 -2.3928 376.3088 0.0 90.2168 10.9768 2.3088 369.3344 -1.9376 -0.1056 110.0192 -0.1184 238.2792 -2.5536 48.856 187.9688 206.9096 11.3736 
0.6412 -0.028 -0.014 -0.0728 -0.4088 -0.0056 -0.1344 1.512 -1.2908 -0.0364 -0.364 -0.014 -1.0668 -0.1708 2.8448 -0.014 -0.3164 -0.056 -0.1932 1.8256 -0.1232 -0.8764 -0.5208 0.7924 -0.0252 -0.9828 -0.784 -0.364 -0.0392 0.2828 -0.6636 -0.2912 -0.336 -0.3696 1.9604 -0.5376 -0.0056 -0.2212 -1.1032 0.0 -0.0056 -0.6244 0.7112 -0.0028 -0.028 1.4476 0.8008 0.1372 -0.9212 0.0 -0.5432 -0.1232 -0.0112 -0.8456 3.8024 -0.0056 1.0892 0.1316 -1.2208 3.3264 -0.714 -0.6412 -0.5404 0.3136 
460.6672 -0.688 49.276 50.6832 -4.6528 -0.1136 -4.2864 0.032 149.8352 23.8816 17.936 -0.304 330.0992 4.6752 -2.6112 -0.224 34.1616 7.864 -0.3392 91.1136 149.6608 577.6416 432.3152 57.9544 -0.6112 965.2432 449.976 130.936 2.6048 187.4768 459.8384 41.0528 -8.816 233.6824 -0.5376 474.6944 -0.1536 35.6128 1041.9408 0.0 -0.1536 67.2336 57.8872 -0.0768 -4.608 -5.0144 196.7648 -3.7968 740.0328 0.0 48.5408 5.0608 1.2528 800.1264 -2.6656 -0.1536 156.3352 -0.1504 180.9952 -3.5616 103.936 360.5328 447.2976 8.0616 
-0.2168 0.112 -0.044 -0.0208 -0.1168 -0.0016 -0.0784 -0.168 -0.3688 -0.0104 -0.104 0.076 -0.3048 -0.0488 -0.0272 -0.004 -0.0904 -0.016 -0.0552 0.1616 -0.1552 -0.2504 -0.1488 -0.0936 -0.0072 -0.2808 -0.224 -0.104 -0.0112 -0.0792 -0.1896 -0.0832 -0.096 -0.1056 -0.0056 -0.1536 1.0784 -0.0632 -0.3152 0.0 0.0384 -0.1784 -0.0768 -0.0008 -0.048 -0.0664 -0.1312 -0.0408 -0.2632 0.0 -0.1552 -0.0352 -0.0032 -0.2416 -0.0336 -0.0016 -0.2488 -0.0024 -0.3488 -0.0496 -0.204 -0.2232 -0.0744 -0.1104 
46.2564 -0.316 8.542 5.3984 62.6064 -0.0632 9.3432 3.804 15.8124 1.8492 5.752 -0.158 119.0804 0.1124 -0.4944 -0.158 1.3492 0.428 6.9996 8.9632 28.2496 53.1892 32.5824 7.9028 4.1356 73.5284 48.352 18.352 2.7576 14.2716 34.2908 1.2936 -0.012 18.1488 -0.2212 35.6128 -0.0632 27.0836 78.9496 0.0 -0.0632 1.9132 20.8664 -0.0316 5.584 4.9572 28.8376 10.9684 55.0236 0.0 4.3496 7.0696 -0.0064 61.4368 -0.9672 -0.0632 37.7324 -0.0948 8.9024 1.3408 16.302 68.2836 34.4412 44.0192 
1041.1104 -1.576 112.052 114.9024 -7.1896 -0.3152 11.0552 -30.756 12.2064 54.4912 -15.808 -0.788 726.9944 -6.2936 -5.3584 -0.788 78.5912 -1.712 -10.3944 216.7152 329.7656 1329.7512 944.6264 122.5208 -1.4184 2190.0024 1024.712 234.852 6.4336 427.7576 1023.3288 92.4696 35.108 482.2368 -1.1032 1041.9408 -0.3152 78.9496 2364.7456 0.0 -0.3152 -22.2648 131.2904 -0.1576 0.624 -7.9808 437.0736 -7.0776 1605.0096 0.0 -17.6344 -3.3544 -0.3904 1806.1048 -6.6192 -0.3152 284.7464 -0.4728 118.2664 -8.4112 230.232 780.7096 1011.5432 9.8712 
0.0 0.0 0.0 0.0 0.0 0.0 0.0 0.0 0.0 0.0 0.0 0.0 0.0 0.0 0.0 0.0 0.0 0.0 0.0 0.0 0.0 0.0 0.0 0.0 0.0 0.0 0.0 0.0 0.0 0.0 0.0 0.0 0.0 0.0 0.0 0.0 0.0 0.0 0.0 1.0 0.0 0.0 0.0 0.0 0.0 0.0 0.0 0.0 0.0 0.0 0.0 0.0 0.0 0.0 0.0 0.0 0.0 0.0 0.0 0.0 0.0 0.0 0.0 0.0 
-0.1568 0.152 -0.044 -0.0208 -0.1168 -0.0016 -0.0784 0.432 -0.3688 -0.0104 -0.104 0.056 -0.3048 0.1512 0.2128 -0.004 -0.0504 -0.016 -0.0552 0.0416 0.0448 -0.2504 -0.1488 0.3064 -0.0072 -0.2808 -0.224 -0.064 -0.0112 -0.0792 -0.1696 -0.0832 -0.096 -0.1056 -0.0056 -0.1536 0.0384 -0.0632 -0.3152 0.0 1.0384 0.2816 0.3032 0.0192 -0.048 -0.0464 -0.0512 -0.0408 -0.2632 0.0 -0.1552 -0.0352 -0.0032 -0.2416 -0.0336 0.0384 0.1312 -0.0024 -0.3488 -0.0496 0.116 -0.1432 0.0056 -0.1104 
-18.3332 1.448 -1.526 -1.7592 -12.4232 -0.0384 5.1584 94.148 943.6188 -1.1596 164.384 0.014 30.9748 52.0588 2.4872 -0.446 44.4604 56.176 26.5652 -8.1016 28.4552 -1.9796 78.4888 30.1236 -0.2428 -30.1892 -22.816 172.824 0.1512 -8.7708 77.4396 46.3032 -10.704 124.1856 -0.6244 67.2336 -0.1784 1.9132 -22.2648 0.0 0.2816 515.8484 1.4168 0.3708 -4.972 -6.8036 19.9712 -3.9292 165.5332 0.0 366.6152 44.9552 9.3032 -23.6584 -3.1864 0.7416 195.1788 -0.2676 844.8488 -0.0304 19.214 86.4332 -11.5756 20.9304 
68.2136 1.636 7.168 7.1416 59.6736 -0.0768 7.7568 11.456 3.4176 2.9808 -1.472 0.428 128.6296 2.0976 6.7544 0.188 2.6408 -0.568 1.1304 13.0168 34.7304 72.9408 52.4176 17.2272 3.7344 122.3216 59.888 21.008 2.1624 24.1384 55.5992 1.8664 -1.048 27.1712 0.7112 57.8872 -0.0768 20.8664 131.2904 0.0 0.3032 1.4168 31.5536 0.3416 -0.384 1.1128 35.1624 1.7616 90.0264 0.0 -4.4096 4.3104 -0.1536 102.7032 3.9072 0.6832 46.4776 0.2648 2.8776 3.2392 17.348 82.7664 58.5288 38.1608 
-0.0484 0.096 -0.022 -0.0104 -0.0584 -0.0008 -0.0392 0.516 -0.1844 -0.0052 -0.052 0.018 -0.1524 0.1756 0.2264 -0.002 -0.0052 -0.008 -0.0276 -0.0392 0.1224 -0.1252 -0.0744 0.3532 -0.0036 -0.1404 -0.112 -0.012 -0.0056 -0.0396 -0.0748 -0.0416 -0.048 -0.0528 -0.0028 -0.0768 -0.0008 -0.0316 -0.1576 0.0 0.0192 0.3708 0.3416 1.0196 -0.024 -0.0132 0.0144 -0.0204 -0.1316 0.0 -0.0776 -0.0176 -0.0016 -0.1208 -0.0168 0.0392 0.2556 -0.0012 -0.1744 -0.0248 0.218 -0.0316 0.0428 -0.0552 
-5.804 -0.24 3.1 0.256 -1.764 -0.048 17.008 2.24 -9.604 -0.312 -3.12 -0.12 -7.404 -0.544 -0.396 -0.12 14.308 -0.04 -0.036 11.728 2.564 33.968 -4.424 -0.888 -0.216 -0.024 15.7 -3.12 -0.336 -0.196 10.412 13.464 42.9 -3.128 -0.028 -4.608 -0.048 5.584 0.624 0.0 -0.048 -4.972 -0.384 -0.024 19.44 4.548 4.124 16.056 -7.816 0.0 0.184 1.584 -0.076 -7.248 -0.448 -0.048 0.076 -0.052 -10.464 -0.988 -4.2 -4.696 -2.012 -0.572 
3.3028 -0.152 3.674 0.5968 -4.4272 -0.0664 0.6064 3.228 -0.1452 0.4684 -3.636 0.014 -4.6492 0.7948 4.1512 0.074 -2.7316 -0.304 -1.3508 3.8464 1.4392 -1.9116 -5.7752 1.6756 -0.2988 -10.6732 15.064 -2.896 1.0352 2.2932 -6.6284 -2.9128 -2.484 -4.2624 1.4476 -5.0144 -0.0664 4.9572 -7.9808 0.0 -0.0464 -6.8036 1.1128 -0.0132 4.548 16.0644 4.2352 9.5068 -9.1028 0.0 3.9592 2.5192 -0.1328 -8.4664 6.2856 -0.0264 0.4348 0.3004 7.4248 5.5416 28.774 -4.7028 -4.9876 8.1984 
200.3624 -0.116 26.012 22.5544 29.0824 0.0488 5.8112 7.044 51.2184 10.1872 12.232 -0.208 182.9864 3.1784 2.8096 -0.228 14.6072 2.248 7.8736 43.2312 74.2336 252.5072 179.1584 28.9648 1.9496 404.5944 203.392 56.812 3.2016 79.7856 191.9528 16.4376 1.268 95.4608 0.8008 196.7648 -0.1312 28.8376 437.0736 0.0 -0.0512 19.9712 35.1624 0.0144 4.124 4.2352 95.1616 8.4144 305.2176 0.0 15.1536 5.8536 0.2776 335.5488 2.9648 0.0288 79.5784 0.0232 62.6984 5.3328 50.672 170.8776 188.9192 25.6872 
-4.2284 -0.144 6.318 0.9496 -2.5784 -0.0408 -0.1192 7.936 -4.2244 -0.2652 -2.652 0.018 -5.1324 0.3556 0.1464 0.078 0.4948 0.392 0.9524 8.4608 5.4824 18.5548 -3.6144 1.0732 -0.1836 -6.3004 29.848 -2.292 -0.2856 -1.3996 -1.4148 0.3584 1.912 -2.3928 0.1372 -3.7968 -0.0408 10.9684 -7.0776 0.0 -0.0408 -3.9292 1.7616 -0.0204 16.056 9.5068 8.4144 28.4196 -5.6316 0.0 5.0224 3.6024 -0.0816 -5.4408 0.9832 -0.0408 5.7156 0.0988 -5.2944 0.0752 -0.862 -2.0916 -0.6572 1.9448 
710.1964 -0.956 75.162 77.8184 -9.6936 -0.2632 -7.4368 11.564 356.7324 36.4292 48.092 0.062 517.1804 11.5924 -4.4744 0.442 60.3492 19.328 3.3996 140.1432 235.6696 892.4492 678.5024 92.3428 -0.9444 1487.4284 692.392 224.992 3.6176 288.5116 721.6108 69.2136 -15.692 376.3088 -0.9212 740.0328 -0.2632 55.0236 1605.0096 0.0 -0.2632 165.5332 90.0264 -0.1316 -7.816 -9.1028 305.2176 -5.6316 1169.9636 0.0 122.8096 12.8296 3.0736 1236.4968 -0.9672 -0.2632 268.0724 0.3252 394.8824 -4.2392 163.242 567.3236 689.4412 14.1392 
0.0 0.0 0.0 0.0 0.0 0.0 0.0 0.0 0.0 0.0 0.0 0.0 0.0 0.0 0.0 0.0 0.0 0.0 0.0 0.0 0.0 0.0 0.0 0.0 0.0 0.0 0.0 0.0 0.0 0.0 0.0 0.0 0.0 0.0 0.0 0.0 0.0 0.0 0.0 0.0 0.0 0.0 0.0 0.0 0.0 0.0 0.0 0.0 0.0 1.0 0.0 0.0 0.0 0.0 0.0 0.0 0.0 0.0 0.0 0.0 0.0 0.0 0.0 0.0 
-12.1496 -0.416 -0.048 -0.9376 -10.2096 -0.0152 4.8152 60.804 708.9264 -0.4088 111.992 0.172 25.8344 35.9864 -2.6384 0.452 32.1912 41.788 11.1056 -4.6248 18.4456 -0.5088 55.7464 16.3208 -0.6584 -26.2776 0.212 125.752 0.0136 -3.7624 55.2288 33.9296 -8.312 90.2168 -0.5432 48.5408 -0.1552 4.3496 -17.6344 0.0 -0.1552 366.6152 -4.4096 -0.0776 0.184 3.9592 15.1536 5.0224 122.8096 0.0 283.1056 35.4856 6.8296 -18.9152 0.1408 -0.1552 139.6664 0.3272 644.8864 -1.7712 32.072 61.3896 -12.0168 21.6312 
-0.5896 -0.156 1.792 0.4224 18.2504 0.0248 4.6952 8.904 92.8264 0.1912 15.592 -0.048 30.0144 4.8464 -0.4184 -0.028 3.2112 5.188 2.3056 -0.3648 7.3456 0.4512 5.7664 3.6208 1.1416 -5.6576 6.652 18.032 1.0936 -0.1224 5.2888 3.4296 -0.332 10.9768 -0.1232 5.0608 -0.0352 7.0696 -3.3544 0.0 -0.0352 44.9552 4.3104 -0.0176 1.584 2.5192 5.8536 3.6024 12.8296 0.0 35.4856 8.3456 0.8296 -4.0352 -0.4592 -0.0352 25.2064 -0.0128 83.7264 0.3288 5.472 20.2296 -1.3568 15.4312 
-0.4336 -0.016 -0.088 -0.0416 -0.2136 -0.0032 0.1032 1.444 17.5224 -0.0208 2.792 -0.008 0.5304 0.8824 -0.0544 -0.008 0.7792 1.048 0.2496 -0.1568 0.4096 -0.0808 1.4424 0.3528 -0.0144 -0.5616 -0.448 3.152 -0.0224 -0.1584 1.4208 0.8536 -0.192 2.3088 -0.0112 1.2528 -0.0032 -0.0064 -0.3904 0.0 -0.0032 9.3032 -0.1536 -0.0016 -0.076 -0.1328 0.2776 -0.0816 3.0736 0.0 6.8296 0.8296 1.1936 -0.4832 -0.0672 -0.0032 3.4824 -0.0048 15.6824 -0.0992 0.152 1.5336 -0.3088 0.3792 
805.7032 -0.968 86.816 88.0792 -6.9168 -0.0416 -10.6384 -18.508 -2.7488 41.2696 -2.944 -0.124 563.2352 -6.7888 -4.1072 0.116 47.9696 -2.176 0.3048 159.5216 254.8048 1000.3096 727.2912 96.5864 -0.7672 1678.1192 785.976 180.056 4.6488 325.8608 774.6104 57.2568 -14.296 369.3344 -0.8456 800.1264 -0.2416 61.4368 1806.1048 0.0 -0.2416 -23.6584 102.7032 -0.1208 -7.248 -8.4664 335.5488 -5.4408 1236.4968 0.0 -18.9152 -4.0352 -0.4832 1396.6384 -1.8736 -0.2416 220.2912 0.1176 78.7112 -2.0096 178.056 600.1368 783.3256 6.0096 
2.8472 0.072 0.076 -0.3568 -2.4528 -0.0336 -0.9664 7.392 3.8152 -0.2184 -0.464 0.396 -2.4008 -0.9448 11.1888 0.636 0.2616 -0.096 0.6008 7.2336 1.0208 -4.5384 -2.2048 3.3944 -0.0712 -5.4968 -1.344 -0.304 -0.0352 1.5368 -2.3416 -1.4672 -2.016 -1.9376 3.8024 -2.6656 -0.0336 -0.9672 -6.6192 0.0 -0.0336 -3.1864 3.9072 -0.0168 -0.448 6.2856 2.9648 0.9832 -0.9672 0.0 0.1408 -0.4592 -0.0672 -1.8736 18.9344 -0.0336 6.8952 0.9896 7.7152 14.8384 1.276 -2.8472 -2.7224 1.0816 
-0.0968 0.192 -0.044 -0.0208 -0.1168 -0.0016 -0.0784 1.032 -0.3688 -0.0104 -0.104 0.036 -0.3048 0.3512 0.4528 -0.004 -0.0104 -0.016 -0.0552 -0.0784 0.2448 -0.2504 -0.1488 0.7064 -0.0072 -0.2808 -0.224 -0.024 -0.0112 -0.0792 -0.1496 -0.0832 -0.096 -0.1056 -0.0056 -0.1536 -0.0016 -0.0632 -0.3152 0.0 0.0384 0.7416 0.6832 0.0392 -0.048 -0.0264 0.0288 -0.0408 -0.2632 0.0 -0.1552 -0.0352 -0.0032 -0.2416 -0.0336 1.0784 0.5112 -0.0024 -0.3488 -0.0496 0.436 -0.0632 0.0856 -0.1104 
138.2676 1.056 15.538 14.8456 88.8976 -0.0688 14.3688 45.556 383.5516 6.2228 61.528 0.398 242.1236 19.8316 7.1104 0.438 24.8828 21.492 10.8164 27.3488 76.0264 165.9828 148.6016 36.3052 5.6204 261.2756 129.948 109.408 3.3984 50.5644 156.2572 24.8824 -4.768 110.0192 1.0892 156.3352 -0.2488 37.7324 284.7464 0.0 0.1312 195.1788 46.4776 0.2556 0.076 0.4348 79.5784 5.7156 268.0724 0.0 139.6664 25.2064 3.4824 220.2912 6.8952 0.5112 159.1316 0.5468 348.2816 5.6472 37.758 192.0524 123.8908 68.8928 
0.1148 0.028 -0.046 -0.0312 -0.1752 -0.0024 -0.0976 0.408 1.2468 -0.0156 -0.156 0.074 0.1428 -0.0732 0.3792 0.114 0.1844 0.016 -0.0828 0.2624 0.1472 -0.3356 -0.1032 0.1396 -0.0108 -0.3812 0.224 0.084 -0.0168 0.1212 -0.0444 -0.0848 -0.144 -0.1184 0.1316 -0.1504 -0.0024 -0.0948 -0.4728 0.0 -0.0024 -0.2676 0.2648 -0.0012 -0.052 0.3004 0.0232 0.0988 0.3252 0.0 0.3272 -0.0128 -0.0048 0.1176 0.9896 -0.0024 0.5468 1.0964 1.8768 0.6256 0.534 -0.1548 -0.1516 0.0144 
31.2376 -0.444 10.208 6.6656 -23.6224 -0.2488 19.5888 136.356 1682.9416 4.5128 266.468 1.528 108.0736 85.4016 -5.9296 2.768 84.0928 95.992 35.0064 -1.2512 73.0864 70.1528 189.9016 46.6952 -0.9296 79.9256 70.668 312.348 5.2784 26.5344 194.2672 81.8624 -15.228 238.2792 -1.2208 180.9952 -0.3488 8.9024 118.2664 0.0 -0.3488 844.8488 2.8776 -0.1744 -10.464 7.4248 62.6984 -5.2944 394.8824 0.0 644.8864 83.7264 15.6824 78.7112 7.7152 -0.3488 348.2816 1.8768 1567.0816 5.2272 94.088 199.0424 32.0608 46.3328 
3.8192 -0.148 3.936 0.2752 -3.6208 0.0904 0.1896 8.612 2.5872 -0.0824 15.616 0.076 -3.7688 -0.3528 9.6568 0.176 0.1576 -0.396 14.4088 5.3496 4.5888 -3.5824 -2.1928 4.7584 0.4568 -7.0048 -0.444 1.496 1.7528 0.8648 -3.5376 -2.1392 -2.576 -2.5536 3.3264 -3.5616 -0.0496 1.3408 -8.4112 0.0 -0.0496 -0.0304 3.2392 -0.0248 -0.988 5.5416 5.3328 0.0752 -4.2392 0.0 -1.7712 0.3288 -0.0992 -2.0096 14.8384 -0.0496 5.6472 0.6256 5.2272 19.7024 5.056 -1.8792 -0.7464 1.0176 
137.818 1.24 17.49 12.888 -10.872 0.296 1.604 8.48 65.198 6.874 16.22 0.65 86.178 8.098 0.372 0.75 5.614 1.7 8.302 15.604 40.492 118.834 93.228 22.726 -0.398 206.218 124.08 32.02 4.412 50.802 96.546 3.892 -8.44 48.856 -0.714 103.936 -0.204 16.302 230.232 0.0 0.116 19.214 17.348 0.218 -4.2 28.774 50.672 -0.862 163.242 0.0 32.072 5.472 0.152 178.056 1.276 0.436 37.758 0.534 94.088 5.056 156.05 79.082 101.174 31.624 
365.6764 -0.576 38.362 39.6784 154.8064 -0.0632 22.0032 11.724 204.3324 17.9692 28.812 -0.318 479.9604 7.0124 -0.9744 -0.278 26.0492 9.808 4.5196 66.2832 146.7496 431.9292 330.2624 53.7228 9.3956 722.0684 340.392 132.052 6.8176 140.0116 348.9508 31.0336 -3.852 187.9688 -0.6412 360.5328 -0.2232 68.2836 780.7096 0.0 -0.1432 86.4332 82.7664 -0.0316 -4.696 -4.7028 170.8776 -2.0916 567.3236 0.0 61.3896 20.2296 1.5336 600.1368 -2.8472 -0.0632 192.0524 -0.1548 199.0424 -1.8792 79.082 379.2836 336.1412 106.0392 
453.9788 -0.012 49.274 49.1928 -5.0712 0.3456 -5.1656 -2.832 -11.6292 22.9964 5.324 -0.106 312.1468 -3.2892 -1.1848 -0.266 26.5964 -1.424 -0.1868 90.5944 143.0432 563.1964 407.3608 59.8876 -0.6548 939.8228 447.404 99.164 2.0192 181.7172 433.7836 32.5912 -4.904 206.9096 -0.5404 447.2976 -0.0744 34.4412 1011.5432 0.0 0.0056 -11.5756 58.5288 0.0428 -2.012 -4.9876 188.9192 -0.6572 689.4412 0.0 -12.0168 -1.3568 -0.3088 783.3256 -2.7224 0.0856 123.8908 -0.1516 32.0608 -0.7464 101.174 336.1412 449.9204 1.9664 
34.8608 -0.412 1.784 2.2448 156.4008 -0.0104 25.0104 6.288 70.1728 0.4624 5.864 -0.196 237.9688 2.4728 1.6432 -0.136 -1.1576 2.656 0.5912 0.0504 32.9112 4.0024 7.1528 8.7416 9.5632 7.2048 9.004 29.644 4.7672 3.4352 5.6976 -0.8808 2.796 11.3736 0.3136 8.0616 -0.1104 44.0192 9.8712 0.0 -0.1104 20.9304 38.1608 -0.0552 -0.572 8.1984 25.6872 1.9448 14.1392 0.0 21.6312 15.4312 0.3792 6.0096 1.0816 -0.1104 68.8928 0.0144 46.3328 1.0176 31.624 106.0392 1.9664 109.8224 
132.7684 -0.996 118.4364 3.0244 -0.0984 0.9008 9.4948 43.612 -3.3004 13.8464 0.5536 -0.4412 34.4832 -13.6548 -4.5756 3.8552 -14.0356 0.6364 -11.7924 2.3152 3.326 -6.4376 -6.3648 79.422 -15.9668 34.0936 24.6964 92.1664 3.8784 18.336 -7.5084 -16.3796 0.4224 41.4036 -0.5904 -2.232 0.0 140.6004 -6.4144 -0.3444 0.0 -17.8188 43.352 -4.222 -0.2952 4.744 179.596 -6.2688 3.6444 0.0 9.354 0.5204 -3.198 1.27 -11.8756 0.0 57.4104 -0.7624 3.9516 7.9472 4.8348 155.7224 -14.7504 17.9772 
-0.996 722.4 209.124 426.524 1.916 -3.232 1.028 -1.22 59.816 370.664 -25.324 18.988 4.552 -43.588 20.424 57.912 168.944 9.084 405.956 -3.548 55.52 194.724 68.172 205.14 732.592 122.616 1020.684 -13.896 203.404 1043.2 228.396 62.424 -3.696 67.696 13.676 98.48 0.0 142.764 170.976 12.456 0.0 -39.628 464.6 52.78 -0.772 4.32 144.74 -19.468 166.144 0.0 80.54 71.784 70.78 71.7 -27.296 0.0 83.904 -13.424 79.436 -33.128 8.148 19.304 13.956 492.392 
118.4364 209.124 410.7844 410.7124 1.8936 -0.8032 -25.8692 51.032 7.8316 -7.7456 -5.3744 15.8148 52.8472 51.4492 20.0124 44.3592 56.7524 8.1244 401.6596 20.0192 69.446 66.4304 31.1192 168.602 739.9772 51.8256 -39.7956 192.1344 44.2064 -49.124 92.3236 -4.4716 -1.6296 96.4956 13.5216 80.408 0.0 357.3484 32.0376 10.4276 0.0 85.3252 521.932 51.358 -0.5992 -0.996 362.536 -17.4848 94.5124 0.0 2.654 -10.4116 9.262 -3.33 -32.2876 0.0 97.7584 -10.8704 34.6036 -13.1088 5.6108 242.7704 257.7616 138.4412 
3.0244 426.524 410.7124 710.1604 3.6056 -1.7272 -34.7132 -13.108 26.4836 16.4824 -17.5424 29.5108 8.0512 -20.0068 47.9604 74.5032 138.2404 5.9924 739.8716 4.6232 38.866 127.2184 61.2232 70.542 1330.3812 22.0976 31.5924 32.2024 77.2544 29.556 190.7556 39.0164 -2.5816 89.8476 25.4336 144.208 0.0 300.3564 27.4096 18.8796 0.0 -10.6908 852.372 105.358 -0.5432 -7.056 291.836 -11.3408 168.4004 0.0 -0.946 -5.7836 11.602 2.07 -23.6196 0.0 21.1264 -11.5784 53.6556 -25.8848 -0.5332 42.7384 113.6736 258.2652 
-0.0984 1.916 1.8936 3.6056 1.0384 0.1992 -0.3248 1.488 0.1904 -0.0864 2.9864 0.1512 0.0768 -0.2752 1.7656 0.3648 0.9656 0.0136 3.9024 -0.0152 0.284 0.4976 0.2848 0.348 6.8968 -0.1136 -0.3064 -0.0664 0.3816 -0.296 0.8584 0.5896 -0.0224 0.4864 0.1304 0.712 0.0 1.3496 -0.1456 0.0944 0.0 -0.2512 4.508 2.452 -0.0048 -0.064 1.304 0.2488 0.8056 0.0 0.436 -0.0304 -0.052 -0.02 -0.1944 0.0 0.6896 -0.0976 0.2184 -0.0672 -0.0248 -0.1024 0.4704 1.2128 
0.9008 -3.232 -0.8032 -1.7272 0.1992 4.3696 -3.7424 18.204 0.8352 -1.4032 33.0432 -0.1144 1.8184 -1.1976 15.9728 -0.2176 1.5728 -0.2232 -1.4888 0.3424 7.712 -1.7912 0.6824 16.024 -3.4216 -1.1768 -1.7232 1.2168 -0.1392 -3.788 -2.0608 3.5448 -0.2912 0.5432 -0.1248 -0.424 0.0 -2.5152 -1.4928 -0.0728 0.0 -1.3056 0.064 20.136 -0.0624 3.308 -1.328 16.7544 -0.8072 0.0 7.268 1.5048 -0.676 -0.26 -2.5272 0.0 9.2448 -0.2488 0.0592 -1.1936 1.0776 2.1288 1.0952 0.8864 
9.4948 1.028 -25.8692 -34.7132 -0.3248 -3.7424 1331.1556 561.044 81.0212 44.6608 -25.8408 -2.0164 1.5904 435.5444 -13.3132 -4.1256 259.0268 -5.2092 -25.3828 3.1744 108.222 57.6928 40.8944 274.394 -57.1596 48.2992 -6.6292 -3.0392 0.3448 -5.548 124.0052 356.8988 67.7528 -5.8708 14.2912 -0.504 0.0 -12.5212 68.7032 -0.1868 0.0 344.4764 186.464 -19.314 -0.0744 10.908 -3.008 -33.2736 42.3268 0.0 1.638 -7.4012 24.574 -0.31 259.2468 0.0 376.9088 109.5872 32.9252 229.2384 -0.9844 7.8928 -19.1688 3.7084 
43.612 -1.22 51.032 -13.108 1.488 18.204 561.044 963.56 148.848 16.112 244.908 -1.436 49.116 398.836 121.512 -2.544 386.812 -3.208 18.488 43.216 529.06 57.532 87.856 267.22 -32.124 19.088 12.492 162.632 13.412 15.44 164.148 541.072 35.252 58.528 4.308 -4.14 0.0 69.012 10.588 -0.492 0.0 144.616 286.96 151.86 0.524 48.42 117.9 34.036 60.252 0.0 44.56 13.132 2.54 1.1 493.632 0.0 766.212 215.888 27.148 467.936 2.824 133.132 325.348 60.576 
-3.3004 59.816 7.8316 26.4836 0.1904 0.8352 81.0212 148.848 96.2724 7.7416 11.2184 0.8372 4.1208 78.2188 8.0436 5.0888 182.5036 -1.3084 37.6044 2.3288 67.114 69.2456 50.2488 108.778 36.6108 66.0584 23.9916 -6.1584 9.6496 23.364 98.2404 184.2476 0.8856 9.8284 0.8624 14.852 0.0 2.8276 87.7264 1.6964 0.0 6.0428 168.008 11.902 0.4912 6.316 12.764 1.8928 40.5836 0.0 3.886 16.1876 37.358 1.63 230.7036 0.0 207.4576 96.2944 39.9804 209.4968 1.0412 19.6256 -2.5976 70.4068 
13.8464 370.664 -7.7456 16.4824 -0.0864 -1.4032 44.6608 16.112 7.7416 328.4544 -11.7344 2.2048 -4.0728 0.3392 -5.2776 11.6792 42.2824 7.9144 -7.5704 -2.3208 12.196 46.7904 17.5992 29.652 -8.3328 -6.3544 892.5744 -9.2056 136.9264 915.736 78.1336 12.3784 -1.6696 20.5856 -0.4784 -2.092 0.0 -3.9216 -2.2624 -0.2424 0.0 10.8552 -15.228 -4.532 -0.3792 5.264 -5.224 -10.1248 39.8024 0.0 75.044 66.6184 -4.108 62.92 -15.3576 0.0 -5.3816 -7.5104 6.6336 -16.7488 8.8008 -2.0096 -21.0784 292.8112 
0.5536 -25.324 -5.3744 -17.5424 2.9864 33.0432 -25.8408 244.908 11.2184 -11.7344 492.4144 -0.8448 17.9928 -21.4792 234.6376 -3.0592 40.0976 -2.3944 -6.3296 -2.5392 30.864 -13.6704 -3.2792 58.448 -25.6272 -9.6056 -27.2144 -9.0544 5.1136 -28.416 -17.4336 57.2016 -1.6104 8.9344 -0.9216 -4.408 0.0 -10.2384 -11.5776 -0.5376 0.0 -20.4152 1.608 294.472 -0.4608 -6.144 -6.916 44.4248 -7.6424 0.0 78.456 0.8416 -4.992 -1.92 -18.6624 0.0 116.7416 -9.2896 -3.2736 8.8088 2.2192 -6.8504 10.3184 -7.3512 
-0.4412 18.988 15.8148 29.5108 0.1512 -0.1144 -2.0164 -1.436 0.8372 2.2048 -0.8448 2.3316 -0.1376 -1.7836 1.9908 3.1064 5.5708 0.2348 31.0732 -0.0336 0.442 4.7768 2.4064 -0.166 55.7724 -0.6248 5.4148 -0.1752 3.7088 5.652 8.0212 1.4228 -0.1232 3.4652 1.0672 5.816 0.0 11.3228 -0.7408 0.7692 0.0 -1.6516 35.024 4.386 -0.0264 -0.272 10.872 -0.5616 6.9308 0.0 0.158 0.0628 -0.286 0.39 -1.0692 0.0 -1.2472 -0.5368 1.7812 -1.2496 -0.0564 -0.3232 2.5672 11.8204 
34.4832 4.552 52.8472 8.0512 0.0768 1.8184 1.5904 49.116 4.1208 -4.0728 17.9928 -0.1376 19.7936 15.5296 5.9712 1.5696 1.6112 0.3472 -1.2752 6.3496 46.528 11.8952 3.9696 75.616 2.2136 30.1528 -11.1728 52.9672 2.1032 -15.152 1.5168 3.8792 0.3752 15.3928 -0.2192 3.524 0.0 52.7392 29.0288 0.3488 0.0 17.4776 18.196 8.004 0.0304 6.332 63.308 4.5776 6.1712 0.0 5.252 -0.6008 11.376 -1.04 -10.0288 0.0 59.7992 -1.8552 8.3968 -2.8944 2.7104 68.0752 57.1208 5.2056 
-13.6548 -43.588 51.4492 -20.0068 -0.2752 -1.1976 435.5444 398.836 78.2188 0.3392 -21.4792 -1.7836 15.5296 378.4356 -10.9068 -6.0944 235.9132 1.6292 -2.7772 32.2656 191.998 26.0672 39.7256 108.326 -41.6204 -22.2392 -42.3508 129.6192 3.1952 -39.572 104.2148 287.5012 14.1272 21.7308 1.5888 -9.936 0.0 58.9412 -10.0632 -1.1732 0.0 301.9436 170.836 -16.626 0.9144 3.812 22.488 26.8936 19.5332 0.0 -2.478 -3.5788 -10.874 -2.69 362.7932 0.0 314.4112 149.3728 0.3148 336.5816 -0.3356 93.4272 334.8888 -3.0684 
-4.5756 20.424 20.0124 47.9604 1.7656 15.9728 -13.3132 121.512 8.0436 -5.2776 234.6376 1.9908 5.9712 -10.9068 120.6404 4.3632 31.8804 -0.6276 57.2716 -1.3368 15.326 2.9784 3.1032 25.682 95.1412 -5.2824 -14.2476 -6.2576 8.2144 -13.764 7.1556 33.1564 -1.0416 10.5276 1.6536 9.168 0.0 13.6164 -6.7704 1.2396 0.0 -9.8508 70.072 153.658 -0.2232 -2.976 12.736 21.9192 9.7204 0.0 36.134 0.4164 -2.418 -0.93 -9.0396 0.0 56.1664 -4.5384 2.5556 1.7552 -1.1532 -8.5816 12.8136 16.5652 
3.8552 57.912 44.3592 74.5032 0.3648 -0.2176 -4.1256 -2.544 5.0888 11.6792 -3.0592 3.1064 1.5696 -6.0944 4.3632 9.7856 16.4632 1.8992 76.1728 0.0856 5.708 17.6272 8.1256 16.296 137.1296 8.2408 30.0392 2.9192 12.1352 29.888 23.0848 3.9512 -0.4328 11.4408 2.5888 15.804 0.0 33.0312 9.4368 2.0368 0.0 -4.6464 89.096 10.304 -0.0656 -1.008 34.148 -2.2864 19.8232 0.0 2.172 2.2112 3.976 2.06 -4.2768 0.0 6.0512 -2.0272 8.0048 -4.2784 0.2944 9.2872 5.0688 38.0816 
-14.0356 168.944 56.7524 138.2404 0.9656 1.5728 259.0268 386.812 182.5036 42.2824 40.0976 5.5708 1.6112 235.9132 31.8804 16.4632 559.1604 0.6724 186.4916 8.9032 119.866 165.3384 94.6032 152.362 242.8012 71.7176 121.8924 -21.7376 36.6144 123.996 304.5156 538.6364 8.1384 16.9076 6.8936 38.208 0.0 35.5964 96.7896 4.7396 0.0 -41.1308 510.352 48.118 2.8568 12.664 35.116 -2.9208 115.3004 0.0 12.954 3.7564 42.282 8.57 721.9004 0.0 452.9664 300.0016 52.0156 650.3152 4.3268 22.2984 2.6136 131.8652 
0.6364 9.084 8.1244 5.9924 0.0136 -0.2232 -5.2092 -3.208 -1.3084 7.9144 -2.3944 0.2348 0.3472 1.6292 -0.6276 1.8992 0.6724 9.1444 4.7796 0.6992 10.166 1.2104 1.9792 4.742 10.0372 -1.3144 16.6844 4.4744 3.3464 16.956 2.0636 -3.0516 -0.3496 5.4556 0.1216 1.168 0.0 5.9084 -0.4624 0.1076 0.0 5.0852 4.252 -0.422 0.0008 -0.816 3.876 -2.0248 1.6524 0.0 0.934 3.0484 -0.858 1.17 -3.2076 0.0 1.5984 -1.5704 1.3836 -3.5088 0.0508 12.1504 10.6816 7.0812 
-11.7924 405.956 401.6596 739.8716 3.9024 -1.4888 -25.3828 18.488 37.6044 -7.5704 -6.3296 31.0732 -1.2752 -2.7772 57.2716 76.1728 186.4916 4.7796 797.4564 1.0328 28.914 120.9136 66.5528 0.318 1405.8148 -14.0296 -37.8404 -0.9304 67.0176 -36.196 212.5324 89.6156 -2.7664 94.9204 26.9544 146.832 0.0 287.5756 -17.9816 19.4084 0.0 -24.7732 926.728 119.082 -0.2528 -5.864 277.944 -5.1432 173.6516 0.0 -6.974 -9.5044 -6.422 -2.47 58.6916 0.0 27.7856 21.9464 46.2924 59.3608 -2.3828 -1.2664 72.1344 248.1108 
2.3152 -3.548 20.0192 4.6232 -0.0152 0.3424 3.1744 43.216 2.3288 -2.3208 -2.5392 -0.0336 6.3496 32.2656 -1.3368 0.0856 8.9032 0.6992 1.0328 9.1056 48.228 1.7472 4.1456 26.356 4.0096 -1.5192 -3.2208 34.2792 1.3952 -6.512 4.0848 17.0912 0.6272 5.9008 -0.0712 0.024 0.0 17.6312 -0.1632 -0.0232 0.0 28.1936 11.216 -1.416 0.1344 -0.928 14.648 -2.0664 1.2832 0.0 1.372 -1.7488 -1.144 -0.44 14.8432 0.0 38.8112 5.8928 -1.3752 12.6016 1.3744 30.3872 72.3488 -0.8384 
3.326 55.52 69.446 38.866 0.284 7.712 108.222 529.06 67.114 12.196 30.864 0.442 46.528 191.998 15.326 5.708 119.866 10.166 28.914 48.228 564.53 57.436 89.408 238.09 44.658 54.564 50.106 159.956 18.056 36.14 65.774 229.046 15.576 54.714 1.124 14.42 0.0 48.906 79.344 1.474 0.0 64.838 102.88 22.25 0.612 3.24 88.26 101.468 40.786 0.0 21.01 0.066 30.61 2.55 115.046 0.0 505.816 47.364 23.874 103.728 6.902 147.096 376.564 50.878 
-6.4376 194.724 66.4304 127.2184 0.4976 -1.7912 57.6928 57.532 69.2456 46.7904 -13.6704 4.7768 11.8952 26.0672 2.9784 17.6272 165.3384 1.2104 120.9136 1.7472 57.436 134.2864 42.3672 196.392 202.7752 140.3696 135.5504 -3.6896 39.9424 133.836 124.4176 123.8144 -0.3136 16.8696 4.0256 45.128 0.0 43.9144 186.3616 5.3416 0.0 -21.2568 201.972 10.668 1.1128 0.924 51.176 -11.0368 74.9984 0.0 7.564 5.3144 79.852 9.22 121.3184 0.0 161.7544 49.6536 59.0776 105.6392 0.8128 37.0464 2.8856 107.5592 
-6.3648 68.172 31.1192 61.2232 0.2848 0.6824 40.8944 87.856 50.2488 17.5992 -3.2792 2.4064 3.9696 39.7256 3.1032 8.1256 94.6032 1.9792 66.5528 4.1456 89.408 42.3672 72.9056 63.776 109.1696 23.3008 50.8392 5.3192 15.2552 51.448 61.9448 93.4512 1.6272 17.8408 2.3288 15.684 0.0 19.9712 33.2768 1.9568 0.0 -7.4464 133.596 9.384 0.3944 3.192 26.088 30.9336 32.0432 0.0 4.032 7.6312 14.156 3.56 100.6432 0.0 139.6712 41.8928 21.2648 87.7416 0.8944 24.5072 33.8488 84.6216 
79.422 205.14 168.602 70.542 0.348 16.024 274.394 267.22 108.778 29.652 58.448 -0.166 75.616 108.326 25.682 16.296 152.362 4.742 0.318 26.356 238.09 196.392 63.776 892.49 20.666 352.148 102.822 180.052 40.552 48.94 106.858 129.882 5.012 45.338 1.068 59.86 0.0 107.662 454.068 5.938 0.0 104.706 152.32 36.91 -1.296 108.3 155.4 -11.144 95.462 0.0 53.91 33.802 187.49 3.35 31.042 0.0 451.392 39.948 140.798 27.276 26.774 297.072 174.168 147.626 
-15.9668 732.592 739.9772 1330.3812 6.8968 -3.4216 -57.1596 -32.124 36.6108 -8.3328 -25.6272 55.7724 2.2136 -41.6204 95.1412 137.1296 242.8012 10.0372 1405.8148 4.0096 44.658 202.7752 109.1696 20.666 2523.7236 -20.8472 -56.7428 24.1272 123.5632 -56.092 338.9468 67.9692 -4.2248 157.9428 48.4408 263.864 0.0 533.9692 -25.4312 34.8388 0.0 -28.9924 1604.336 204.234 -0.9096 -12.128 514.048 -17.0224 301.5612 0.0 -13.838 -16.8908 -9.854 -3.79 -36.8388 0.0 -13.1808 -18.4552 81.5468 -42.6544 -4.0396 19.8352 172.3408 443.7556 
34.0936 122.616 51.8256 22.0976 -0.1136 -1.1768 48.2992 19.088 66.0584 -6.3544 -9.6056 -0.6248 30.1528 -22.2392 -5.2824 8.2408 71.7176 -1.3144 -14.0296 -1.5192 54.564 140.3696 23.3008 352.148 -20.8472 265.5344 -9.0344 27.1256 13.6736 -21.016 57.7864 36.1216 -1.0904 14.1144 -0.6816 40.032 0.0 45.8616 331.9024 4.1624 0.0 -22.0952 31.148 -7.048 -0.3408 -4.544 75.064 -9.0152 53.6576 0.0 -1.604 -6.3584 142.228 -1.42 -13.8024 0.0 196.2016 -5.9296 86.4864 -10.1312 -1.1008 106.6096 -10.7016 31.0088 
24.6964 1020.684 -39.7956 31.5924 -0.3064 -1.7232 -6.6292 12.492 23.9916 892.5744 -27.2144 5.4148 -11.1728 -42.3508 -14.2476 30.0392 121.8924 16.6844 -37.8404 -3.2208 50.106 135.5504 50.8392 102.822 -56.7428 -9.0344 2473.0244 -28.5056 376.2864 2527.736 216.8436 41.0084 -4.2896 49.3356 -1.8384 -6.412 0.0 -38.8116 10.1776 -0.8724 0.0 -38.2948 -75.188 -12.702 -0.9192 17.524 -43.404 -22.9248 108.6324 0.0 212.114 182.3884 -3.558 173.67 -37.2276 0.0 -10.1616 -18.3504 20.3236 -43.5088 28.5908 -10.6496 -53.2984 801.8612 
92.1664 -13.896 192.1344 32.2024 -0.0664 1.2168 -3.0392 162.632 -6.1584 -9.2056 -9.0544 -0.1752 52.9672 129.6192 -6.2576 2.9192 -21.7376 4.4744 -0.9304 34.2792 159.956 -3.6896 5.3192 180.052 24.1272 27.1256 -28.5056 238.9344 11.2064 -37.764 -11.4264 -4.4816 1.4904 52.0856 -0.3984 1.208 0.0 199.8384 12.6776 0.0776 0.0 162.5952 61.172 -6.192 -0.2992 19.344 198.316 -14.1448 5.3224 0.0 4.524 -0.5216 -0.308 -2.58 -24.9976 0.0 156.7384 -3.4704 4.2336 -13.3088 4.7008 242.8504 369.4416 13.8712 
3.8784 203.404 44.2064 77.2544 0.3816 -0.1392 0.3448 13.412 9.6496 136.9264 5.1136 3.7088 2.1032 3.1952 8.2144 12.1352 36.6144 3.3464 67.0176 1.3952 18.056 39.9424 15.2552 40.552 123.5632 13.6736 376.2864 11.2064 68.1984 385.896 54.3216 12.5504 -1.0576 18.3536 2.1896 15.128 0.0 34.6704 21.6856 1.9456 0.0 10.0712 75.952 15.388 -0.2352 1.264 29.976 -4.6088 35.7344 0.0 32.544 26.6104 7.692 26.52 -9.5256 0.0 17.0704 -4.7024 12.6016 -10.0128 3.1848 13.8824 33.3296 149.3672 
18.336 1043.2 -49.124 29.556 -0.296 -3.788 -5.548 15.44 23.364 915.736 -28.416 5.652 -15.152 -39.572 -13.764 29.888 123.996 16.956 -36.196 -6.512 36.14 133.836 51.448 48.94 -56.092 -21.016 2527.736 -37.764 385.896 2596.52 221.224 40.916 -4.144 48.624 -1.776 -8.88 0.0 -38.924 -5.096 -1.036 0.0 -35.012 -80.18 -12.7 -0.888 18.66 -47.28 -24.272 110.016 0.0 210.28 187.636 -9.62 178.3 -35.884 0.0 -20.764 -17.716 17.904 -41.312 24.632 -33.964 -53.576 821.088 
-7.5084 228.396 92.3236 190.7556 0.8584 -2.0608 124.0052 164.148 98.2404 78.1336 -17.4336 8.0212 1.5168 104.2148 7.1556 23.0848 304.5156 2.0636 212.5324 4.0848 65.774 124.4176 61.9448 106.858 338.9468 57.7864 216.8436 -11.4264 54.3216 221.224 200.7284 268.0196 3.3376 24.5764 7.5904 45.872 0.0 63.4196 78.6344 5.8044 0.0 -27.1012 387.328 20.682 1.4552 6.036 63.384 -8.2512 95.8156 0.0 13.106 11.6396 33.778 15.23 341.2156 0.0 222.5296 141.2624 42.2284 304.0528 3.1252 16.5376 7.0304 159.1428 
-16.3796 62.424 -4.4716 39.0164 0.5896 3.5448 356.8988 541.072 184.2476 12.3784 57.2016 1.4228 3.8792 287.5012 33.1564 3.9512 538.6364 -3.0516 89.6156 17.0912 229.046 123.8144 93.4512 129.882 67.9692 36.1216 41.0084 -4.4816 12.5504 40.916 268.0196 587.3524 20.3744 9.8716 5.4376 13.868 0.0 -10.1676 51.1136 1.6836 0.0 -20.4428 411.732 43.818 2.5488 12.744 1.756 9.0472 87.1164 0.0 11.274 0.6324 22.542 2.87 729.5964 0.0 544.1024 303.3856 37.7996 657.9432 4.3588 15.5944 45.6576 69.2332 
0.4224 -3.696 -1.6296 -2.5816 -0.0224 -0.2912 67.7528 35.252 0.8856 -1.6696 -1.6104 -0.1232 0.3752 14.1272 -1.0416 -0.4328 8.1384 -0.3496 -2.7664 0.6272 15.576 -0.3136 1.6272 5.012 -4.2248 -1.0904 -4.2896 1.4904 -1.0576 -4.144 3.3376 20.3744 10.0464 -0.1704 1.9656 -0.672 0.0 -0.8256 -1.9584 -0.0784 0.0 0.4432 0.292 -1.492 -0.0672 -0.896 0.496 -1.8368 1.4184 0.0 -1.016 -1.2656 -0.728 -0.28 -2.7216 0.0 24.4344 -1.3264 0.7776 -2.7408 -0.2072 -0.5536 3.4656 -4.2008 
41.4036 67.696 96.4956 89.8476 0.4864 0.5432 -5.8708 58.528 9.8284 20.5856 8.9344 3.4652 15.3928 21.7308 10.5276 11.4408 16.9076 5.4556 94.9204 5.9008 54.714 16.8696 17.8408 45.338 157.9428 14.1144 49.3356 52.0856 18.3536 48.624 24.5764 9.8716 -0.1704 47.3844 2.6984 17.052 0.0 90.5316 3.9224 2.1924 0.0 27.1748 119.228 19.602 -0.2008 -4.304 99.984 -4.6952 23.9676 0.0 8.686 4.3716 0.798 3.33 -4.5124 0.0 63.7616 -3.0296 9.6364 17.2288 0.8692 74.8296 58.9784 57.9988 
-0.5904 13.676 13.5216 25.4336 0.1304 -0.1248 14.2912 4.308 0.8624 -0.4784 -0.9216 1.0672 -0.2192 1.5888 1.6536 2.5888 6.8936 0.1216 26.9544 -0.0712 1.124 4.0256 2.3288 1.068 48.4408 -0.6816 -1.8384 -0.3984 2.1896 -1.776 7.5904 5.4376 1.9656 2.6984 2.4224 5.032 0.0 9.6576 -0.8736 0.6664 0.0 -0.8672 31.468 3.692 -0.0288 -0.384 9.144 -0.6472 6.2136 0.0 -0.504 -0.5424 -0.312 -0.12 -1.1664 0.0 2.8376 -0.5856 1.8504 -1.3632 -0.1488 -0.6944 1.9024 7.8368 
-2.232 98.48 80.408 144.208 0.712 -0.424 -0.504 -4.14 14.852 -2.092 -4.408 5.816 3.524 -9.936 9.168 15.804 38.208 1.168 146.832 0.024 14.42 45.128 15.684 59.86 263.864 40.032 -6.412 1.208 15.128 -8.88 45.872 13.868 -0.672 17.052 5.032 35.76 0.0 55.348 52.852 4.392 0.0 -9.216 172.24 20.4 -0.144 -1.92 56.9 -2.976 40.668 0.0 -1.42 -2.552 22.76 -0.6 -5.832 0.0 27.788 -2.928 22.892 -6.816 -0.304 12.408 12.852 51.644 
0.0 0.0 0.0 0.0 0.0 0.0 0.0 0.0 0.0 0.0 0.0 0.0 0.0 0.0 0.0 0.0 0.0 0.0 0.0 0.0 0.0 0.0 0.0 0.0 0.0 0.0 0.0 0.0 0.0 0.0 0.0 0.0 0.0 0.0 0.0 0.0 1.0 0.0 0.0 0.0 0.0 0.0 0.0 0.0 0.0 0.0 0.0 0.0 0.0 0.0 0.0 0.0 0.0 0.0 0.0 0.0 0.0 0.0 0.0 0.0 0.0 0.0 0.0 0.0 
140.6004 142.764 357.3484 300.3564 1.3496 -2.5152 -12.5212 69.012 2.8276 -3.9216 -10.2384 11.3228 52.7392 58.9412 13.6164 33.0312 35.5964 5.9084 287.5756 17.6312 48.906 43.9144 19.9712 107.662 533.9692 45.8616 -38.8116 199.8384 34.6704 -38.924 63.4196 -10.1676 -0.8256 90.5316 9.6576 55.348 0.0 347.0724 9.4736 7.3036 0.0 91.0972 401.972 36.118 -0.2312 -8.416 355.356 -15.4928 68.5364 0.0 -3.826 -11.6276 0.842 -2.63 -25.5636 0.0 96.4824 -9.0744 22.7796 -4.9168 -1.1412 249.1144 242.7176 100.7732 
-6.4144 170.976 32.0376 27.4096 -0.1456 -1.4928 68.7032 10.588 87.7264 -2.2624 -11.5776 -0.7408 29.0288 -10.0632 -6.7704 9.4368 96.7896 -0.4624 -17.9816 -0.1632 79.344 186.3616 33.2768 454.068 -25.4312 331.9024 10.1776 12.6776 21.6856 -5.096 78.6344 51.1136 -1.9584 3.9224 -0.8736 52.852 0.0 9.4736 440.8704 5.4904 0.0 1.4408 22.248 -9.608 -0.4368 -5.584 29.204 -11.5392 68.7296 0.0 -0.064 -4.9064 187.268 -0.32 -17.6904 0.0 237.7936 -8.8816 112.8544 -19.8752 -0.4768 92.7216 18.2664 43.2248 
-0.3444 12.456 10.4276 18.8796 0.0944 -0.0728 -0.1868 -0.492 1.6964 -0.2424 -0.5376 0.7692 0.3488 -1.1732 1.2396 2.0368 4.7396 0.1076 19.4084 -0.0232 1.474 5.3416 1.9568 5.938 34.8388 4.1624 -0.8724 0.0776 1.9456 -1.036 5.8044 1.6836 -0.0784 2.1924 0.6664 4.392 0.0 7.3036 5.4904 1.5604 0.0 -1.0892 22.608 2.722 -0.0168 -0.224 7.404 -0.3592 5.1396 0.0 -0.254 -0.3164 2.378 -0.07 -0.6804 0.0 2.8536 -0.3416 2.6444 -0.7952 -0.0868 1.1016 1.7464 6.6948 
0.0 0.0 0.0 0.0 0.0 0.0 0.0 0.0 0.0 0.0 0.0 0.0 0.0 0.0 0.0 0.0 0.0 0.0 0.0 0.0 0.0 0.0 0.0 0.0 0.0 0.0 0.0 0.0 0.0 0.0 0.0 0.0 0.0 0.0 0.0 0.0 0.0 0.0 0.0 0.0 1.0 0.0 0.0 0.0 0.0 0.0 0.0 0.0 0.0 0.0 0.0 0.0 0.0 0.0 0.0 0.0 0.0 0.0 0.0 0.0 0.0 0.0 0.0 0.0 
-17.8188 -39.628 85.3252 -10.6908 -0.2512 -1.3056 344.4764 144.616 6.0428 10.8552 -20.4152 -1.6516 17.4776 301.9436 -9.8508 -4.6464 -41.1308 5.0852 -24.7732 28.1936 64.838 -21.2568 -7.4464 104.706 -28.9924 -22.0952 -38.2948 162.5952 10.0712 -35.012 -27.1012 -20.4428 0.4432 27.1748 -0.8672 -9.216 0.0 91.0972 1.4408 -1.0892 0.0 467.9316 33.416 -15.126 -0.5736 -12.208 33.048 6.3616 -17.9908 0.0 1.662 12.4972 -10.114 -2.39 -34.9308 0.0 46.6272 -18.9832 -2.5212 -17.7904 -3.8436 110.8032 399.7128 -0.7404 
43.352 464.6 521.932 852.372 4.508 0.064 186.464 286.96 168.008 -15.228 1.608 35.024 18.196 170.836 70.072 89.096 510.352 4.252 926.728 11.216 102.88 201.972 133.596 152.32 1604.336 31.148 -75.188 61.172 75.952 -80.18 387.328 411.732 0.292 119.228 31.468 172.24 0.0 401.972 22.248 22.608 0.0 33.416 1431.48 142.96 0.904 -1.98 425.4 -30.364 244.092 0.0 -5.84 1.872 8.96 -5.4 501.832 0.0 355.172 207.408 85.368 452.076 1.404 111.612 115.648 334.156 
-4.222 52.78 51.358 105.358 2.452 20.136 -19.314 151.86 11.902 -4.532 294.472 4.386 8.004 -16.626 153.658 10.304 48.118 -0.422 119.082 -1.416 22.25 10.668 9.384 36.91 204.234 -7.048 -12.702 -6.192 15.388 -12.7 20.682 43.818 -1.492 19.602 3.692 20.4 0.0 36.118 -9.608 2.722 0.0 -15.126 142.96 201.33 -0.324 -4.24 35.24 26.884 22.618 0.0 46.15 0.558 -3.51 -0.85 -13.122 0.0 72.148 -6.548 6.182 0.444 -1.154 -6.972 20.112 39.514 
-0.2952 -0.772 -0.5992 -0.5432 -0.0048 -0.0624 -0.0744 0.524 0.4912 -0.3792 -0.4608 -0.0264 0.0304 0.9144 -0.2232 -0.0656 2.8568 0.0008 -0.2528 0.1344 0.612 1.1128 0.3944 -1.296 -0.9096 -0.3408 -0.9192 -0.2992 -0.2352 -0.888 1.4552 2.5488 -0.0672 -0.2008 -0.0288 -0.144 0.0 -0.2312 -0.4368 -0.0168 0.0 -0.5736 0.904 -0.324 1.2656 -0.072 -0.428 -0.3936 0.2168 0.0 -0.252 -0.2512 -0.156 -0.06 4.1968 0.0 1.0688 1.7072 -0.1848 3.6584 -0.0344 -0.1472 -0.4488 -0.5816 
4.744 4.32 -0.996 -7.056 -0.064 3.308 10.908 48.42 6.316 5.264 -6.144 -0.272 6.332 3.812 -2.976 -1.008 12.664 -0.816 -5.864 -0.928 3.24 0.924 3.192 108.3 -12.128 -4.544 17.524 19.344 1.264 18.66 6.036 12.744 -0.896 -4.304 -0.384 -1.92 0.0 -8.416 -5.584 -0.224 0.0 -12.208 -1.98 -4.24 -0.072 94.72 0.8 -5.248 8.924 0.0 4.64 30.484 -2.08 1.2 20.904 0.0 25.944 31.556 16.376 16.952 6.488 -2.356 -10.984 45.432 
179.596 144.74 362.536 291.836 1.304 -1.328 -3.008 117.9 12.764 -5.224 -6.916 10.872 63.308 22.488 12.736 34.148 35.116 3.876 277.944 14.648 88.26 51.176 26.088 155.4 514.048 75.064 -43.404 198.316 29.976 -47.28 63.384 1.756 0.496 99.984 9.144 56.9 0.0 355.356 29.204 7.404 0.0 33.048 425.4 35.24 -0.428 0.8 405.52 -18.192 74.456 0.0 -1.36 -7.344 10.88 -3.2 -31.104 0.0 156.456 -8.276 31.684 -4.532 1.312 272.196 163.284 109.788 
-6.2688 -19.468 -17.4848 -11.3408 0.2488 16.7544 -33.2736 34.036 1.8928 -10.1248 44.4248 -0.5616 4.5776 26.8936 21.9192 -2.2864 -2.9208 -2.0248 -5.1432 -2.0664 101.468 -11.0368 30.9336 -11.144 -17.0224 -9.0152 -22.9248 -14.1448 -4.6088 -24.272 -8.2512 9.0472 -1.8368 -4.6952 -0.6472 -2.976 0.0 -15.4928 -11.5392 -0.3592 0.0 6.3616 -30.364 26.884 -0.3936 -5.248 -18.192 389.2416 -8.1208 0.0 21.072 -6.2328 -4.264 -1.64 -15.9408 0.0 25.5472 -8.0032 -7.3312 -15.7504 -0.9336 -18.8168 31.8928 -19.5104 
3.6444 166.144 94.5124 168.4004 0.8056 -0.8072 42.3268 60.252 40.5836 39.8024 -7.6424 6.9308 6.1712 19.5332 9.7204 19.8232 115.3004 1.6524 173.6516 1.2832 40.786 74.9984 32.0432 95.462 301.5612 53.6576 108.6324 5.3224 35.7344 110.016 95.8156 87.1164 1.4184 23.9676 6.2136 40.668 0.0 68.5364 68.7296 5.1396 0.0 -17.9908 244.092 22.618 0.2168 8.924 74.456 -8.1208 64.4004 0.0 6.954 7.7364 29.562 7.57 81.7004 0.0 98.8664 35.6016 33.7156 71.9152 1.1668 22.0184 13.9336 107.9252 
0.0 0.0 0.0 0.0 0.0 0.0 0.0 0.0 0.0 0.0 0.0 0.0 0.0 0.0 0.0 0.0 0.0 0.0 0.0 0.0 0.0 0.0 0.0 0.0 0.0 0.0 0.0 0.0 0.0 0.0 0.0 0.0 0.0 0.0 0.0 0.0 0.0 0.0 0.0 0.0 0.0 0.0 0.0 0.0 0.0 0.0 0.0 0.0 0.0 1.0 0.0 0.0 0.0 0.0 0.0 0.0 0.0 0.0 0.0 0.0 0.0 0.0 0.0 0.0 
9.354 80.54 2.654 -0.946 0.436 7.268 1.638 44.56 3.886 75.044 78.456 0.158 5.252 -2.478 36.134 2.172 12.954 0.934 -6.974 1.372 21.01 7.564 4.032 53.91 -13.838 -1.604 212.114 4.524 32.544 210.28 13.106 11.274 -1.016 8.686 -0.504 -1.42 0.0 -3.826 -0.064 -0.254 0.0 1.662 -5.84 46.15 -0.252 4.64 -1.36 21.072 6.954 0.0 38.37 17.514 -1.45 14.45 -9.966 0.0 22.684 -3.684 2.186 -3.928 6.458 13.524 -1.244 68.622 
0.5204 71.784 -10.4116 -5.7836 -0.0304 1.5048 -7.4012 13.132 16.1876 66.6184 0.8416 0.0628 -0.6008 -3.5788 0.4164 2.2112 3.7564 3.0484 -9.5044 -1.7488 0.066 5.3144 7.6312 33.802 -16.8908 -6.3584 182.3884 -0.5216 26.6104 187.636 11.6396 0.6324 -1.2656 4.3716 -0.5424 -2.552 0.0 -11.6276 -4.9064 -0.3164 0.0 12.4972 1.872 0.558 -0.2512 30.484 -7.344 -6.2328 7.7364 0.0 17.514 37.2324 -2.938 12.87 -5.9636 0.0 4.7424 4.3056 11.0396 -5.8568 3.6388 -5.3256 -14.5224 90.3732 
-3.198 70.78 9.262 11.602 -0.052 -0.676 24.574 2.54 37.358 -4.108 -4.992 -0.286 11.376 -10.874 -2.418 3.976 42.282 -0.858 -6.422 -1.144 30.61 79.852 14.156 187.49 -9.854 142.228 -3.558 -0.308 7.692 -9.62 33.778 22.542 -0.728 0.798 -0.312 22.76 0.0 0.842 187.268 2.378 0.0 -10.114 8.96 -3.51 -0.156 -2.08 10.88 -4.264 29.562 0.0 -1.45 -2.938 81.25 -0.65 -6.318 0.0 99.932 -3.172 47.898 -7.384 -0.806 33.692 -4.292 16.246 
1.27 71.7 -3.33 2.07 -0.02 -0.26 -0.31 1.1 1.63 62.92 -1.92 0.39 -1.04 -2.69 -0.93 2.06 8.57 1.17 -2.47 -0.44 2.55 9.22 3.56 3.35 -3.79 -1.42 173.67 -2.58 26.52 178.3 15.23 2.87 -0.28 3.33 -0.12 -0.6 0.0 -2.63 -0.32 -0.07 0.0 -2.39 -5.4 -0.85 -0.06 1.2 -3.2 -1.64 7.57 0.0 14.45 12.87 -0.65 13.25 -2.43 0.0 -1.38 -1.22 1.23 -2.84 1.69 -2.28 -3.62 56.41 
-11.8756 -27.296 -32.2876 -23.6196 -0.1944 -2.5272 259.2468 493.632 230.7036 -15.3576 -18.6624 -1.0692 -10.0288 362.7932 -9.0396 -4.2768 721.9004 -3.2076 58.6916 14.8432 115.046 121.3184 100.6432 31.042 -36.8388 -13.8024 -37.2276 -24.9976 -9.5256 -35.884 341.2156 729.5964 -2.7216 -4.5124 -1.1664 -5.832 0.0 -25.5636 -17.6904 -0.6804 0.0 -34.9308 501.832 -13.122 4.1968 20.904 -31.104 -15.9408 81.7004 0.0 -9.966 -5.9636 -6.318 -2.43 1120.1204 0.0 545.7664 466.1416 16.4156 1012.5352 6.5468 11.1384 -11.2864 36.9652 
0.0 0.0 0.0 0.0 0.0 0.0 0.0 0.0 0.0 0.0 0.0 0.0 0.0 0.0 0.0 0.0 0.0 0.0 0.0 0.0 0.0 0.0 0.0 0.0 0.0 0.0 0.0 0.0 0.0 0.0 0.0 0.0 0.0 0.0 0.0 0.0 0.0 0.0 0.0 0.0 0.0 0.0 0.0 0.0 0.0 0.0 0.0 0.0 0.0 0.0 0.0 0.0 0.0 0.0 0.0 1.0 0.0 0.0 0.0 0.0 0.0 0.0 0.0 0.0 
57.4104 83.904 97.7584 21.1264 0.6896 9.2448 376.9088 766.212 207.4576 -5.3816 116.7416 -1.2472 59.7992 314.4112 56.1664 6.0512 452.9664 1.5984 27.7856 38.8112 505.816 161.7544 139.6712 451.392 -13.1808 196.2016 -10.1616 156.7384 17.0704 -20.764 222.5296 544.1024 24.4344 63.7616 2.8376 27.788 0.0 96.4824 237.7936 2.8536 0.0 46.6272 355.172 72.148 1.0688 25.944 156.456 25.5472 98.8664 0.0 22.684 4.7424 99.932 -1.38 545.7664 0.0 838.8224 232.2056 88.2096 506.7832 5.4288 215.4944 276.4176 98.2632 
-0.7624 -13.424 -10.8704 -11.5784 -0.0976 -0.2488 109.5872 215.888 96.2944 -7.5104 -9.2896 -0.5368 -1.8552 149.3728 -4.5384 -2.0272 300.0016 -1.5704 21.9464 5.8928 47.364 49.6536 41.8928 39.948 -18.4552 -5.9296 -18.3504 -3.4704 -4.7024 -17.716 141.2624 303.3856 -1.3264 -3.0296 -0.5856 -2.928 0.0 -9.0744 -8.8816 -0.3416 0.0 -18.9832 207.408 -6.548 1.7072 31.556 -8.276 -8.0032 35.6016 0.0 -3.684 4.3056 -3.172 -1.22 466.1416 0.0 232.2056 201.0864 10.7624 420.6208 4.1872 7.3936 -7.6256 24.0808 
3.9516 79.436 34.6036 53.6556 0.2184 0.0592 32.9252 27.148 39.9804 6.6336 -3.2736 1.7812 8.3968 0.3148 2.5556 8.0048 52.0156 1.3836 46.2924 -1.3752 23.874 59.0776 21.2648 140.798 81.5468 86.4864 20.3236 4.2336 12.6016 17.904 42.2284 37.7996 0.7776 9.6364 1.8504 22.892 0.0 22.7796 112.8544 2.6444 0.0 -2.5212 85.368 6.182 -0.1848 16.376 31.684 -7.3312 33.7156 0.0 2.186 11.0396 47.898 1.23 16.4156 0.0 88.2096 10.7624 43.2884 13.8528 0.7652 27.5176 -5.9496 52.8828 
7.9472 -33.128 -13.1088 -25.8848 -0.0672 -1.1936 229.2384 467.936 209.4968 -16.7488 8.8088 -1.2496 -2.8944 336.5816 1.7552 -4.2784 650.3152 -3.5088 59.3608 12.6016 103.728 105.6392 87.7416 27.276 -42.6544 -10.1312 -43.5088 -13.3088 -10.0128 -41.312 304.0528 657.9432 -2.7408 17.2288 -1.3632 -6.816 0.0 -4.9168 -19.8752 -0.7952 0.0 -17.7904 452.076 0.444 3.6584 16.952 -4.532 -15.7504 71.9152 0.0 -3.928 -5.8568 -7.384 -2.84 1012.5352 0.0 506.7832 420.6208 13.8528 942.6176 6.5584 27.0992 -17.2632 29.5376 
4.8348 8.148 5.6108 -0.5332 -0.0248 1.0776 -0.9844 2.824 1.0412 8.8008 2.2192 -0.0564 2.7104 -0.3356 -1.1532 0.2944 4.3268 0.0508 -2.3828 1.3744 6.902 0.8128 0.8944 26.774 -4.0396 -1.1008 28.5908 4.7008 3.1848 24.632 3.1252 4.3588 -0.2072 0.8692 -0.1488 -0.304 0.0 -1.1412 -0.4768 -0.0868 0.0 -3.8436 1.404 -1.154 -0.0344 6.488 1.312 -0.9336 1.1668 0.0 6.458 3.6388 -0.806 1.69 6.5468 0.0 5.4288 4.1872 0.7652 6.5584 4.9556 9.7528 -3.4088 10.3884 
155.7224 19.304 242.7704 42.7384 -0.1024 2.1288 7.8928 133.132 19.6256 -2.0096 -6.8504 -0.3232 68.0752 93.4272 -8.5816 9.2872 22.2984 12.1504 -1.2664 30.3872 147.096 37.0464 24.5072 297.072 19.8352 106.6096 -10.6496 242.8504 13.8824 -33.964 16.5376 15.5944 -0.5536 74.8296 -0.6944 12.408 0.0 249.1144 92.7216 1.1016 0.0 110.8032 111.612 -6.972 -0.1472 -2.356 272.196 -18.8168 22.0184 0.0 13.524 -5.3256 33.692 -2.28 11.1384 0.0 215.4944 7.3936 27.5176 27.0992 9.7528 335.1664 275.2656 34.8992 
-14.7504 13.956 257.7616 113.6736 0.4704 1.0952 -19.1688 325.348 -2.5976 -21.0784 10.3184 2.5672 57.1208 334.8888 12.8136 5.0688 2.6136 10.6816 72.1344 72.3488 376.564 2.8856 33.8488 174.168 172.3408 -10.7016 -53.2984 369.4416 33.3296 -53.576 7.0304 45.6576 3.4656 58.9784 1.9024 12.852 0.0 242.7176 18.2664 1.7464 0.0 399.7128 115.648 20.112 -0.4488 -10.984 163.284 31.8928 13.9336 0.0 -1.244 -14.5224 -4.292 -3.62 -11.2864 0.0 276.4176 -7.6256 -5.9496 -17.2632 -3.4088 275.2656 887.0224 15.0568 
17.9772 492.392 138.4412 258.2652 1.2128 0.8864 3.7084 60.576 70.4068 292.8112 -7.3512 11.8204 5.2056 -3.0684 16.5652 38.0816 131.8652 7.0812 248.1108 -0.8384 50.878 107.5592 84.6216 147.626 443.7556 31.0088 801.8612 13.8712 149.3672 821.088 159.1428 69.2332 -4.2008 57.9988 7.8368 51.644 0.0 100.7732 43.2248 6.6948 0.0 -0.7404 334.156 39.514 -0.5816 45.432 109.788 -19.5104 107.9252 0.0 68.622 90.3732 16.246 56.41 36.9652 0.0 98.2632 24.0808 52.8828 29.5376 10.3884 34.8992 15.0568 435.8676 
1.17 0.134 1.572 0.01 -0.05 -0.608 0.15 1.088 -0.266 -0.012 0.054 -0.426 0.14 1.814 -0.646 0.022 0.41 1.056 0.066 -0.218 -0.09 0.144 0.106 1.006 0.642 0.0 0.0 0.424 0.562 -0.006 0.496 0.492 0.06 0.798 -0.414 2.46 -0.1 -0.362 -0.142 1.766 -0.54 -0.06 0.032 2.032 -0.296 0.0 -0.03 -0.284 0.536 -0.522 0.126 0.024 -0.282 -0.004 0.0 -0.562 0.358 0.0 -0.076 0.152 0.076 0.096 0.056 -0.11 
0.134 149.2164 51.7832 37.334 4.35 -30.2488 15.31 19.5808 8.4084 57.6608 0.0164 73.0924 23.3 -0.8556 29.9004 97.7292 72.07 35.6816 2.0716 -5.9908 17.186 29.3744 -2.2084 54.6316 44.4812 0.0 0.0 19.3664 138.5452 -0.3636 50.0336 34.9472 0.828 10.4988 36.7836 16.32 -3.22 41.7548 19.9948 20.1156 6.816 4.244 37.8072 71.5192 -5.9376 0.0 14.138 -0.6704 12.6936 4.0268 5.9676 -9.7576 -4.7292 -0.2024 0.0 13.3188 29.3548 0.0 1.6664 0.9552 0.4776 44.8576 17.0256 18.622 
1.572 51.7832 125.6016 61.552 0.88 -23.3944 23.46 44.9504 17.8592 138.1904 0.8032 4.9512 2.64 17.6472 7.3752 62.8096 91.06 234.1008 3.5208 15.8296 33.448 75.1672 42.4408 157.8408 165.4456 0.0 0.0 28.8432 195.1376 -0.2568 79.4568 53.2736 -0.276 72.0144 -21.2032 84.08 -2.48 43.3424 37.9624 63.7328 -20.312 5.112 67.7336 72.8496 42.7312 0.0 31.224 25.9248 27.8168 -21.6616 10.2088 11.1712 -10.3296 -0.1712 0.0 43.8344 40.4624 0.0 9.8232 3.4176 1.7088 56.9488 39.0128 33.316 
0.01 37.334 61.552 78.57 -0.65 -15.828 14.81 35.488 19.674 67.768 0.014 14.094 0.16 19.134 20.974 47.642 79.17 105.296 1.666 5.182 31.93 50.164 16.926 77.886 122.962 0.0 0.0 16.084 167.022 -0.186 62.356 38.772 -0.54 22.758 -19.114 19.16 -1.98 53.878 25.038 26.186 -10.8 6.94 42.332 50.072 13.164 0.0 22.23 25.416 18.676 -15.302 9.626 -0.276 8.278 -0.124 0.0 65.438 24.678 0.0 10.384 0.392 0.196 43.096 25.556 25.79 
-0.05 4.35 0.88 -0.65 3.73 -3.24 0.59 0.92 -0.91 5.18 -0.03 -1.89 1.62 -0.39 -3.03 -2.35 3.59 -5.26 0.09 4.53 -0.43 0.12 -1.31 3.25 -2.67 0.0 0.0 -1.28 -3.89 -0.03 1.24 9.32 0.14 -0.61 2.45 -1.5 0.7 -1.65 1.23 -1.37 -1.02 0.44 7.88 1.06 1.74 0.0 1.19 8.64 -0.58 -2.61 0.11 -1.48 -0.43 -0.02 0.0 0.63 0.85 0.0 -0.76 -0.04 -0.02 -1.04 -0.14 -1.27 
-0.608 -30.2488 -23.3944 -15.828 -3.24 1982.0096 -7.76 27.5664 198.3672 -33.5136 -0.3688 68.9992 -6.38 -19.0448 1069.2832 -4.2264 24.96 37.5728 -0.8872 -13.4264 143.928 3.5352 451.2328 65.2528 -47.7904 0.0 0.0 -15.0488 -45.6184 -0.3888 55.7088 46.9176 -1.296 -18.6896 603.8888 1.32 -6.48 -25.9016 -8.0016 -15.8352 -40.572 -3.488 314.0376 -32.8264 -19.2608 0.0 2.684 10.1368 150.7288 -1.9256 -2.1392 604.3592 -24.7736 12.4608 0.0 193.7904 183.4784 0.0 117.6312 -0.4384 -0.2192 -16.4192 6.1048 311.376 
0.15 15.31 23.46 14.81 0.59 -7.76 46.69 25.12 17.41 38.48 0.09 5.05 -2.06 16.31 14.99 21.65 20.59 140.68 0.17 3.49 21.03 30.32 27.05 75.81 83.01 0.0 0.0 1.44 64.69 -0.13 12.52 18.14 2.86 39.95 2.01 30.56 0.52 11.35 8.39 20.55 -12.82 4.68 36.48 54.72 34.64 0.0 11.39 19.32 5.74 -16.09 7.23 9.98 -8.13 -0.06 0.0 24.61 25.01 0.0 9.34 0.52 0.26 13.98 9.74 23.85 
1.088 19.5808 44.9504 35.488 0.92 27.5664 25.12 71.3776 6.0448 17.0376 1.0808 13.4728 1.14 93.5368 49.8688 26.6624 50.36 49.2752 1.7552 14.5424 34.772 24.7368 17.4952 40.3352 41.2864 0.0 0.0 14.9808 125.3144 -0.1192 25.3792 41.0184 3.036 15.2936 0.5992 23.02 -3.78 16.8256 10.8056 21.2432 -8.128 3.868 29.6184 38.9024 9.9528 0.0 9.736 26.5912 12.8992 -17.6504 13.2672 10.1928 -6.5224 0.1472 0.0 72.8136 27.7256 0.0 5.7608 1.1744 0.5872 25.7672 18.8432 19.064 
-0.266 8.4084 17.8592 19.674 -0.91 198.3672 17.41 6.0448 81.9204 76.9848 -0.1716 34.2044 -2.32 2.4764 98.8124 59.8652 77.41 312.8896 -0.2604 0.9852 27.486 83.2864 111.6996 125.7196 189.3972 0.0 0.0 -2.6016 64.8612 -0.1916 54.0016 58.0432 -0.172 88.2828 52.7316 57.86 -3.64 32.0388 10.1788 38.5036 -15.484 8.044 75.5632 8.2152 85.6544 0.0 23.058 30.5376 31.0816 -8.1692 1.0956 92.7344 36.2948 1.2456 0.0 13.8228 51.9788 0.0 47.9584 0.0112 0.0056 7.7256 12.1336 79.222 
-0.012 57.6608 138.1904 67.768 5.18 -33.5136 38.48 17.0376 76.9848 332.7376 -0.0592 3.2128 -0.62 2.6168 -37.9512 99.2024 174.74 687.5752 4.7152 35.8024 33.072 175.1368 136.5752 361.8152 438.0464 0.0 0.0 19.8408 188.6944 -0.3192 138.5592 113.9384 -0.584 197.7336 -25.3408 119.22 -1.72 82.4656 68.6456 77.3432 -31.288 14.268 143.9584 25.9424 193.8928 0.0 62.536 66.9912 28.8592 -27.6304 1.0872 49.7128 2.8576 -0.2128 0.0 -14.1864 73.4856 0.0 40.8608 0.6144 0.3072 70.7672 65.8432 78.804 
0.054 0.0164 0.8032 0.014 -0.03 -0.3688 0.09 1.0808 -0.1716 -0.0592 1.0564 -0.2476 0.08 2.0444 -0.4196 -0.0508 0.65 0.4416 0.0516 0.5492 0.226 0.2544 0.1916 0.3116 0.2412 0.0 0.0 0.8664 0.1852 -0.0036 0.4936 0.6272 0.068 0.7588 -0.2764 1.2 -0.06 -0.2252 -0.0852 0.8556 -0.284 -0.016 -0.0128 0.9192 0.6424 0.0 -0.022 -0.0304 0.2536 -0.3132 0.0876 -0.0176 -0.0892 -0.0024 0.0 -0.3212 0.2148 0.0 -0.0336 0.0752 0.0376 0.0376 0.7256 -0.098 
-0.426 73.0924 4.9512 14.094 -1.89 68.9992 5.05 13.4728 34.2044 3.2128 -0.2476 147.1684 -0.54 6.4804 63.4164 126.0572 38.87 54.2056 -0.4644 -2.9828 15.826 26.1304 26.3556 16.0356 29.5492 0.0 0.0 4.8424 71.3732 -0.2676 15.1376 18.4352 -0.392 17.7508 28.6276 5.9 0.16 19.6868 3.3868 11.0596 1.976 8.184 23.6552 6.4472 20.5584 0.0 3.138 11.2536 11.7776 6.3788 4.6916 24.4784 4.7828 0.4216 0.0 38.1708 27.4068 0.0 16.6024 -0.3568 -0.1784 14.1816 2.3696 26.222 
0.14 23.3 2.64 0.16 1.62 -6.38 -2.06 1.14 -2.32 -0.62 0.08 -0.54 16.0 0.66 -8.86 -2.76 5.94 -3.52 0.16 -2.14 -1.86 -1.38 -2.56 0.3 0.86 0.0 0.0 7.64 -2.68 -0.06 3.06 5.1 -0.04 -0.24 -5.46 4.02 -0.08 4.54 -0.46 2.76 5.88 -0.5 0.52 4.2 -3.7 0.0 2.18 -2.84 0.58 -5.22 -0.12 -2.16 -3.4 -0.04 0.0 -4.8 4.3 0.0 -1.84 0.32 0.16 3.86 -0.6 -2.9 
1.814 -0.8556 17.6472 19.134 -0.39 -19.0448 16.31 93.5368 2.4764 2.6168 2.0444 6.4804 0.66 254.1924 0.7884 6.2732 75.27 21.9536 3.9636 3.5332 10.106 13.9824 0.3836 13.7636 28.3052 0.0 0.0 -1.5056 44.9492 -0.2356 20.0456 58.1712 8.908 3.0348 -12.6444 -2.06 0.7 12.4908 3.5308 2.0076 -6.804 3.264 3.8112 10.8632 7.8104 0.0 7.258 8.5416 1.7856 -19.9772 11.0196 -5.4496 13.6868 -0.1304 0.0 26.5748 19.3508 0.0 6.8144 -0.3408 -0.1704 10.5296 2.8976 3.122 
-0.646 29.9004 7.3752 20.974 -3.03 1069.2832 14.99 49.8688 98.8124 -37.9512 -0.4196 63.4164 -8.86 0.7884 980.9444 10.0812 38.41 7.0976 -1.1124 -11.9388 122.626 3.9184 244.3876 34.1276 -32.5668 0.0 0.0 35.7104 312.7772 -0.5796 24.2896 46.0592 -0.372 -24.5732 656.8796 -3.72 -9.62 151.9428 1.4028 -7.5084 34.536 0.244 189.3392 127.6112 -32.2736 0.0 19.178 28.9256 85.8696 66.8348 12.3836 320.8064 -31.1812 6.6936 0.0 267.0868 101.6428 0.0 65.3704 -0.1328 -0.0664 62.1936 7.8216 211.482 
0.022 97.7292 62.8096 47.642 -2.35 -4.2264 21.65 26.6624 59.8652 99.2024 -0.0508 126.0572 -2.76 6.2732 10.0812 182.5076 114.25 267.3248 1.4348 -1.9924 28.918 96.0232 52.8548 127.9948 169.6436 0.0 0.0 11.0392 181.4156 -0.3708 74.1208 60.0016 -0.416 79.2964 -24.2292 57.6 -6.14 35.8444 25.0244 51.5868 12.128 10.772 57.6616 33.5176 63.2672 0.0 20.334 31.0088 25.7608 40.8404 8.6628 22.6672 40.7924 -0.0472 0.0 43.7964 47.6244 0.0 35.0792 0.7856 0.3928 40.8328 25.9568 55.546 
0.41 72.07 91.06 79.17 3.59 24.96 20.59 50.36 77.41 174.74 0.65 38.87 5.94 75.27 38.41 114.25 228.01 365.38 4.19 19.39 42.77 153.52 84.01 200.53 262.63 0.0 0.0 28.9 258.93 -0.57 147.72 132.84 1.06 105.51 17.51 66.0 6.98 83.57 41.79 49.35 -21.98 11.18 102.34 39.82 96.34 0.0 43.13 59.98 41.0 -24.65 8.91 42.4 73.55 0.14 0.0 45.91 61.43 0.0 53.64 0.2 0.1 61.76 50.16 81.85 
1.056 35.6816 234.1008 105.296 -5.26 37.5728 140.68 49.2752 312.8896 687.5752 0.4416 54.2056 -3.52 21.9536 7.0976 267.3248 365.38 2458.7104 2.2704 18.6248 103.144 524.5136 530.0904 1021.8304 1452.2128 0.0 0.0 27.0216 436.9688 -0.6384 255.1584 316.6568 -2.048 714.1472 -33.2016 474.5 -10.64 219.7712 99.2312 302.2464 -58.416 45.776 355.1768 37.8648 687.5256 0.0 176.572 245.4224 84.0784 -52.7808 7.4344 248.5056 52.5552 0.2144 0.0 22.6272 239.0712 0.0 183.9816 3.3888 1.6944 108.9744 128.0464 291.268 
0.066 2.0716 3.5208 1.666 0.09 -0.8872 0.17 1.7552 -0.2604 4.7152 0.0516 -0.4644 0.16 3.9636 -1.1124 1.4348 4.19 2.2704 1.2804 -0.2452 0.234 1.6736 0.0404 4.1404 2.4828 0.0 0.0 0.8216 3.7988 -0.0084 3.3184 2.2568 0.132 0.5172 -0.3316 1.08 -0.14 0.8012 1.2412 0.8764 -0.656 -0.084 2.5968 1.4848 -0.4344 0.0 0.562 0.8424 0.6984 -0.7308 0.1044 -0.2544 -0.1348 -0.0056 0.0 -0.3228 0.8412 0.0 -0.0784 0.0688 0.0344 1.9544 1.2064 0.218 
-0.218 -5.9908 15.8296 5.182 4.53 -13.4264 3.49 14.5424 0.9852 35.8024 0.5492 -2.9828 -2.14 3.5332 -11.9388 -1.9924 19.39 18.6248 -0.2452 58.1876 14.578 14.7832 9.8548 15.2348 12.5436 0.0 0.0 19.7592 10.9756 -0.1308 13.0808 18.2216 -0.116 22.5964 -10.7492 0.06 -0.26 1.3244 10.7044 -0.7532 -12.572 3.912 5.3616 -9.8424 50.1672 0.0 5.534 7.6288 -1.3992 -11.2396 1.4428 -2.9128 -5.1076 -0.0872 0.0 1.1764 3.8844 0.0 -1.8608 -0.1744 -0.0872 0.2128 28.7768 -0.114 
-0.09 17.186 33.448 31.93 -0.43 143.928 21.03 34.772 27.486 33.072 0.226 15.826 -1.86 10.106 122.626 28.918 42.77 103.144 0.234 14.578 50.97 35.996 55.774 62.694 64.978 0.0 0.0 18.696 130.658 -0.014 29.784 25.168 0.32 28.642 57.874 18.76 -0.82 30.122 13.022 14.754 -15.7 4.18 50.728 33.948 28.336 0.0 12.17 25.604 19.244 -16.658 9.114 50.676 -6.858 0.884 0.0 70.622 36.522 0.0 16.736 0.248 0.124 27.924 25.404 46.61 
0.144 29.3744 75.1672 50.164 0.12 3.5352 30.32 24.7368 83.2864 175.1368 0.2544 26.1304 -1.38 13.9824 3.9184 96.0232 153.52 524.5136 1.6736 14.7832 35.996 152.8624 113.1336 235.1936 325.8352 0.0 0.0 16.9944 186.9592 -0.2856 104.6056 100.3312 -0.632 154.1048 -15.9944 102.6 -1.64 60.6208 32.8208 68.2176 -22.964 11.804 92.9712 19.6632 145.9504 0.0 42.428 63.2416 31.2456 -22.5272 5.4496 52.6904 46.2368 0.0096 0.0 26.0248 59.5808 0.0 53.2744 0.7392 0.3696 40.1896 43.2576 79.672 
0.106 -2.2084 42.4408 16.926 -1.31 451.2328 27.05 17.4952 111.6996 136.5752 0.1916 26.3556 -2.56 0.3836 244.3876 52.8548 84.01 530.0904 0.0404 9.8548 55.774 113.1336 217.1204 228.4004 297.5428 0.0 0.0 7.7416 79.3188 -0.2084 66.8784 80.5568 -0.748 152.3372 136.0684 103.0 -3.94 43.2412 18.2612 61.7364 -24.016 9.576 143.7968 2.7448 151.6056 0.0 38.262 54.5624 51.6384 -12.3508 0.8844 188.5456 6.5852 2.8344 0.0 44.8172 91.0612 0.0 65.6416 0.7088 0.3544 16.8944 33.1664 131.818 
1.006 54.6316 157.8408 77.886 3.25 65.2528 75.81 40.3352 125.7196 361.8152 0.3116 16.0356 0.3 13.7636 34.1276 127.9948 200.53 1021.8304 4.1404 15.2348 62.694 235.1936 228.4004 501.0004 625.0428 0.0 0.0 24.9416 257.1188 -0.5284 152.1984 160.0368 0.672 293.9172 9.9884 202.56 -1.88 106.6412 65.5012 131.9364 -44.616 19.916 215.6968 68.1448 272.6656 0.0 86.222 127.5024 48.0984 -44.9708 7.4044 113.2456 0.0852 0.3944 0.0 30.9572 118.4212 0.0 71.7616 2.2288 1.1144 79.5544 74.7064 133.878 
0.642 44.4812 165.4456 122.962 -2.67 -47.7904 83.01 41.2864 189.3972 438.0464 0.2412 29.5492 0.86 28.3052 -32.5668 169.6436 262.63 1452.2128 2.4828 12.5436 64.978 325.8352 297.5428 625.0428 939.0196 0.0 0.0 22.2912 307.7116 -0.4788 195.2888 208.9176 -1.516 419.1204 -49.3812 282.0 -5.02 174.2484 70.0884 194.1748 -41.572 32.732 220.0776 66.0536 399.7592 0.0 119.994 144.8768 59.0288 -41.0156 6.3508 122.1792 41.5164 -0.3192 0.0 17.3404 145.0284 0.0 107.9512 2.2416 1.1208 82.3208 84.5048 168.486 
0.0 0.0 0.0 0.0 0.0 0.0 0.0 0.0 0.0 0.0 0.0 0.0 0.0 0.0 0.0 0.0 0.0 0.0 0.0 0.0 0.0 0.0 0.0 0.0 0.0 1.0 0.0 0.0 0.0 0.0 0.0 0.0 0.0 0.0 0.0 0.0 0.0 0.0 0.0 0.0 0.0 0.0 0.0 0.0 0.0 0.0 0.0 0.0 0.0 0.0 0.0 0.0 0.0 0.0 0.0 0.0 0.0 0.0 0.0 0.0 0.0 0.0 0.0 0.0 
0.0 0.0 0.0 0.0 0.0 0.0 0.0 0.0 0.0 0.0 0.0 0.0 0.0 0.0 0.0 0.0 0.0 0.0 0.0 0.0 0.0 0.0 0.0 0.0 0.0 0.0 1.0 0.0 0.0 0.0 0.0 0.0 0.0 0.0 0.0 0.0 0.0 0.0 0.0 0.0 0.0 0.0 0.0 0.0 0.0 0.0 0.0 0.0 0.0 0.0 0.0 0.0 0.0 0.0 0.0 0.0 0.0 0.0 0.0 0.0 0.0 0.0 0.0 0.0 
0.424 19.3664 28.8432 16.084 -1.28 -15.0488 1.44 14.9808 -2.6016 19.8408 0.8664 4.8424 7.64 -1.5056 35.7104 11.0392 28.9 27.0216 0.8216 19.7592 18.696 16.9944 7.7416 24.9416 22.2912 0.0 0.0 47.4464 83.4152 -0.1136 23.3936 11.2072 -0.512 21.3488 43.6736 19.58 -2.56 40.5248 6.5848 15.4456 -7.544 0.564 10.4272 38.3192 22.8024 0.0 7.108 6.3696 5.5936 -13.1232 2.7576 -3.2576 -10.6392 -0.1024 0.0 9.9488 6.5448 0.0 -2.4336 1.1552 0.5776 26.3576 31.6056 7.652 
0.562 138.5452 195.1376 167.022 -3.89 -45.6184 64.69 125.3144 64.8612 188.6944 0.1852 71.3732 -2.68 44.9492 312.7772 181.4156 258.93 436.9688 3.7988 10.9756 130.658 186.9592 79.3188 257.1188 307.7116 0.0 0.0 83.4152 804.4436 -0.5748 160.5048 129.4296 -1.676 103.8684 222.2148 97.46 -8.46 241.2164 70.9964 84.6108 -31.392 14.212 123.2096 192.4856 55.6632 0.0 66.934 101.1928 52.5448 -45.1276 39.3468 17.6632 32.0244 -0.3832 0.0 262.6284 84.4764 0.0 46.8752 2.2736 1.1368 178.5168 75.9008 134.086 
-0.006 -0.3636 -0.2568 -0.186 -0.03 -0.3888 -0.13 -0.1192 -0.1916 -0.3192 -0.0036 -0.2676 -0.06 -0.2356 -0.5796 -0.3708 -0.57 -0.6384 -0.0084 -0.1308 -0.014 -0.2856 -0.2084 -0.5284 -0.4788 0.0 0.0 -0.1136 -0.5748 1.0564 -0.3264 -0.5328 -0.012 -0.2412 -0.4164 -0.18 -0.06 -0.2652 -0.0852 -0.1644 -0.384 -0.036 -0.3728 -0.3408 -0.2376 0.0 -0.102 -0.1704 -0.1464 -0.2732 -0.0324 -0.1776 -0.2892 -0.0024 0.0 -0.3612 0.0748 0.0 -0.1336 -0.0048 -0.0024 -0.1824 -0.1144 -0.258 
0.496 50.0336 79.4568 62.356 1.24 55.7088 12.52 25.3792 54.0016 138.5592 0.4936 15.1376 3.06 20.0456 24.2896 74.1208 147.72 255.1584 3.3184 13.0808 29.784 104.6056 66.8784 152.1984 195.2888 0.0 0.0 23.3936 160.5048 -0.3264 114.6864 80.1128 -0.288 76.3712 6.2264 61.02 1.52 52.3552 32.2152 46.4744 -21.956 7.056 80.0328 42.2608 62.2576 0.0 29.912 29.1504 36.4464 -22.2168 3.7824 40.6976 40.9592 0.3424 0.0 14.4512 44.7952 0.0 34.6336 1.2448 0.6224 43.6824 40.5144 57.988 
0.492 34.9472 53.2736 38.772 9.32 46.9176 18.14 41.0184 58.0432 113.9384 0.6272 18.4352 5.1 58.1712 46.0592 60.0016 132.84 316.6568 2.2568 18.2216 25.168 100.3312 80.5568 160.0368 208.9176 0.0 0.0 11.2072 129.4296 -0.5328 80.1128 131.1456 1.004 96.9024 40.5728 69.4 5.98 49.5904 20.8704 48.6488 0.248 8.992 101.8456 28.0616 94.0552 0.0 34.904 86.0008 26.9728 -3.9136 5.6848 45.8352 41.2184 0.2848 0.0 39.3624 51.8904 0.0 38.8672 0.8896 0.4448 26.8048 25.8288 58.996 
0.06 0.828 -0.276 -0.54 0.14 -1.296 2.86 3.036 -0.172 -0.584 0.068 -0.392 -0.04 8.908 -0.372 -0.416 1.06 -2.048 0.132 -0.116 0.32 -0.632 -0.748 0.672 -1.516 0.0 0.0 -0.512 -1.676 -0.012 -0.288 1.004 1.64 -0.544 0.652 -0.6 -0.18 -0.864 -0.124 -0.548 -0.64 0.16 1.024 4.484 -0.352 0.0 -0.12 -0.548 -0.328 -1.024 0.472 -0.592 -0.164 -0.008 0.0 -0.884 0.596 0.0 -0.112 -0.016 -0.008 -0.348 -0.268 -0.04 
0.798 10.4988 72.0144 22.758 -0.61 -18.6896 39.95 15.2936 88.2828 197.7336 0.7588 17.7508 -0.24 3.0348 -24.5732 79.2964 105.51 714.1472 0.5172 22.5964 28.642 154.1048 152.3372 293.9172 419.1204 0.0 0.0 21.3488 103.8684 -0.2412 76.3712 96.9024 -0.544 224.2196 -19.1588 155.6 0.92 55.6116 25.7716 99.9252 -19.448 13.888 96.0424 22.5664 219.0408 0.0 49.406 67.5632 25.0712 -15.4844 1.1892 65.1408 15.5236 -0.1208 0.0 -15.2404 68.0516 0.0 51.7088 2.0784 1.0392 24.4392 48.2952 77.734 
-0.414 36.7836 -21.2032 -19.114 2.45 603.8888 2.01 0.5992 52.7316 -25.3408 -0.2764 28.6276 -5.46 -12.6444 656.8796 -24.2292 17.51 -33.2016 -0.3316 -10.7492 57.874 -15.9944 136.0684 9.9884 -49.3812 0.0 0.0 43.6736 222.2148 -0.4164 6.2264 40.5728 0.652 -19.1588 660.5764 -5.0 -3.94 188.0252 -8.0948 -11.7956 -41.556 -2.404 122.7528 138.1608 -20.4224 0.0 20.342 19.6304 40.1064 -25.0668 -1.3076 180.4976 -27.0508 3.8024 0.0 47.7412 47.2652 0.0 27.8136 0.0048 0.0024 52.3424 -6.9456 133.558 
2.46 16.32 84.08 19.16 -1.5 1.32 30.56 23.02 57.86 119.22 1.2 5.9 4.02 -2.06 -3.72 57.6 66.0 474.5 1.08 0.06 18.76 102.6 103.0 202.56 282.0 0.0 0.0 19.58 97.46 -0.18 61.02 69.4 -0.6 155.6 -5.0 163.52 -3.0 32.36 12.06 110.34 -18.62 7.34 70.8 73.32 118.26 0.0 32.18 37.5 34.64 -15.3 3.46 50.7 10.14 5.99520433298e-17 0.0 -9.84 55.46 0.0 35.1 5.28 2.64 20.06 24.4 55.6 
-0.1 -3.22 -2.48 -1.98 0.7 -6.48 0.52 -3.78 -3.64 -1.72 -0.06 0.16 -0.08 0.7 -9.62 -6.14 6.98 -10.64 -0.14 -0.26 -0.82 -1.64 -3.94 -1.88 -5.02 0.0 0.0 -2.56 -8.46 -0.06 1.52 5.98 -0.18 0.92 -3.94 -3.0 42.44 -4.24 -0.88 -2.74 10.16 -0.44 -6.26 -0.18 -2.92 0.0 -0.48 -2.78 -0.52 -5.22 -0.5 -2.96 2.74 -0.04 0.0 -6.02 3.34 0.0 1.12 -0.08 -0.04 -0.26 -1.06 -4.2 
-0.362 41.7548 43.3424 53.878 -1.65 -25.9016 11.35 16.8256 32.0388 82.4656 -0.2252 19.6868 4.54 12.4908 151.9428 35.8444 83.57 219.7712 0.8012 1.3244 30.122 60.6208 43.2412 106.6412 174.2484 0.0 0.0 40.5248 241.2164 -0.2652 52.3552 49.5904 -0.864 55.6116 188.0252 32.36 -4.24 158.4436 20.3236 28.6292 -16.788 7.508 46.0104 82.7744 51.7368 0.0 39.566 27.3272 11.8552 -22.5324 4.8332 9.5368 3.7156 -0.1768 0.0 29.2716 24.5636 0.0 15.5448 -0.1936 -0.0968 64.4832 19.2592 50.974 
-0.142 19.9948 37.9624 25.038 1.23 -8.0016 8.39 10.8056 10.1788 68.6456 -0.0852 3.3868 -0.46 3.5308 1.4028 25.0244 41.79 99.2312 1.2412 10.7044 13.022 32.8208 18.2612 65.5012 70.0884 0.0 0.0 6.5848 70.9964 -0.0852 32.2152 20.8704 -0.124 25.7716 -8.0948 12.06 -0.88 20.3236 20.1636 9.3092 -6.868 2.948 28.9304 9.7144 25.4368 0.0 12.546 12.3072 5.9952 -7.1724 2.7732 4.1968 -2.0844 -0.0568 0.0 15.9316 14.1436 0.0 4.8848 -0.1136 -0.0568 22.7832 16.6992 14.694 
1.766 20.1156 63.7328 26.186 -1.37 -15.8352 20.55 21.2432 38.5036 77.3432 0.8556 11.0596 2.76 2.0076 -7.5084 51.5868 49.35 302.2464 0.8764 -0.7532 14.754 68.2176 61.7364 131.9364 194.1748 0.0 0.0 15.4456 84.6108 -0.1644 46.4744 48.6488 -0.548 99.9252 -11.7956 110.34 -2.74 28.6292 9.3092 81.5924 -6.156 5.916 46.1288 62.1968 71.2696 0.0 22.802 25.1584 25.6744 0.1972 3.9804 26.4896 10.9932 -0.1096 0.0 2.0852 37.7092 0.0 22.5456 3.8608 1.9304 18.0504 17.5224 36.338 
-0.54 6.816 -20.312 -10.8 -1.02 -40.572 -12.82 -8.128 -15.484 -31.288 -0.284 1.976 5.88 -6.804 34.536 12.128 -21.98 -58.416 -0.656 -12.572 -15.7 -22.964 -24.016 -44.616 -41.572 0.0 0.0 -7.544 -31.392 -0.384 -21.956 0.248 -0.64 -19.448 -41.556 -18.62 10.16 -16.788 -6.868 -6.156 173.4 -2.54 -33.412 -15.572 -24.744 0.0 -11.42 -10.116 -3.176 193.632 -0.576 -18.764 43.972 -0.256 0.0 79.992 -14.548 0.0 -0.584 -0.512 -0.256 -8.056 -11.356 -13.76 
-0.06 4.244 5.112 6.94 0.44 -3.488 4.68 3.868 8.044 14.268 -0.016 8.184 -0.5 3.264 0.244 10.772 11.18 45.776 -0.084 3.912 4.18 11.804 9.576 19.916 32.732 0.0 0.0 0.564 14.212 -0.036 7.056 8.992 0.16 13.888 -2.404 7.34 -0.44 7.508 2.948 5.916 -2.54 3.36 8.232 5.612 15.924 0.0 4.6 6.036 1.996 -3.012 1.076 3.064 1.848 -0.024 0.0 4.868 5.728 0.0 4.064 -0.048 -0.024 2.436 3.336 6.18 
0.032 37.8072 67.7336 42.332 7.88 314.0376 36.48 29.6184 75.5632 143.9584 -0.0128 23.6552 0.52 3.8112 189.3392 57.6616 102.34 355.1768 2.5968 5.3616 50.728 92.9712 143.7968 215.6968 220.0776 0.0 0.0 10.4272 123.2096 -0.3728 80.0328 101.8456 1.024 96.0424 122.7528 70.8 -6.26 46.0104 28.9304 46.1288 -33.412 8.232 177.3456 54.9416 87.4352 0.0 38.224 93.1408 43.3128 -27.5936 5.2448 126.1552 -5.1616 1.9648 0.0 64.6624 78.4904 0.0 42.6472 0.8896 0.4448 37.7648 31.2288 98.436 
2.032 71.5192 72.8496 50.072 1.06 -32.8264 54.72 38.9024 8.2152 25.9424 0.9192 6.4472 4.2 10.8632 127.6112 33.5176 39.82 37.8648 1.4848 -9.8424 33.948 19.6632 2.7448 68.1448 66.0536 0.0 0.0 38.3192 192.4856 -0.3408 42.2608 28.0616 4.484 22.5664 138.1608 73.32 -0.18 82.7744 9.7144 62.1968 -15.572 5.612 54.9416 232.9776 -18.9528 0.0 16.904 -1.5312 26.3208 -15.4696 13.3728 -6.8528 -11.4176 -0.2272 0.0 30.5864 29.4744 0.0 1.6392 4.6656 2.3328 47.2728 13.3568 33.576 
-0.296 -5.9376 42.7312 13.164 1.74 -19.2608 34.64 9.9528 85.6544 193.8928 0.6424 20.5584 -3.7 7.8104 -32.2736 63.2672 96.34 687.5256 -0.4344 50.1672 28.336 145.9504 151.6056 272.6656 399.7592 0.0 0.0 22.8024 55.6632 -0.2376 62.2576 94.0552 -0.352 219.0408 -20.4224 118.26 -2.92 51.7368 25.4368 71.2696 -24.744 15.924 87.4352 -18.9528 249.2784 0.0 48.048 72.5136 12.1976 -20.5712 -1.2584 61.2784 9.3728 -0.1184 0.0 -22.0592 57.9968 0.0 47.8024 -0.1568 -0.0784 11.6816 57.3496 69.352 
0.0 0.0 0.0 0.0 0.0 0.0 0.0 0.0 0.0 0.0 0.0 0.0 0.0 0.0 0.0 0.0 0.0 0.0 0.0 0.0 0.0 0.0 0.0 0.0 0.0 0.0 0.0 0.0 0.0 0.0 0.0 0.0 0.0 0.0 0.0 0.0 0.0 0.0 0.0 0.0 0.0 0.0 0.0 0.0 0.0 1.0 0.0 0.0 0.0 0.0 0.0 0.0 0.0 0.0 0.0 0.0 0.0 0.0 0.0 0.0 0.0 0.0 0.0 0.0 
-0.03 14.138 31.224 22.23 1.19 2.684 11.39 9.736 23.058 62.536 -0.022 3.138 2.18 7.258 19.178 20.334 43.13 176.572 0.562 5.534 12.17 42.428 38.262 86.222 119.994 0.0 0.0 7.108 66.934 -0.102 29.912 34.904 -0.12 49.406 20.342 32.18 -0.48 39.566 12.546 22.802 -11.42 4.6 38.224 16.904 48.048 0.0 24.45 23.932 8.432 -13.574 1.862 16.568 1.406 0.012 0.0 8.826 20.606 0.0 12.648 0.184 0.092 18.832 12.072 25.41 
-0.284 -0.6704 25.9248 25.416 8.64 10.1368 19.32 26.5912 30.5376 66.9912 -0.0304 11.2536 -2.84 8.5416 28.9256 31.0088 59.98 245.4224 0.8424 7.6288 25.604 63.2416 54.5624 127.5024 144.8768 0.0 0.0 6.3696 101.1928 -0.1704 29.1504 86.0008 -0.548 67.5632 19.6304 37.5 -2.78 27.3272 12.3072 25.1584 -10.116 6.036 93.1408 -1.5312 72.5136 0.0 23.932 116.2944 7.8704 -13.8048 6.5464 24.5336 4.4312 0.0464 0.0 76.2232 30.7272 0.0 20.0496 -0.2272 -0.1136 19.7664 19.2584 33.288 
0.536 12.6936 27.8168 18.676 -0.58 150.7288 5.74 12.8992 31.0816 28.8592 0.2536 11.7776 0.58 1.7856 85.8696 25.7608 41.0 84.0784 0.6984 -1.3992 19.244 31.2456 51.6384 48.0984 59.0288 0.0 0.0 5.5936 52.5448 -0.1464 36.4464 26.9728 -0.328 25.0712 40.1064 34.64 -0.52 11.8552 5.9952 25.6744 -3.176 1.996 43.3128 26.3208 12.1976 0.0 8.432 7.8704 27.1664 4.7232 2.3224 54.5976 15.5992 0.9424 0.0 28.9312 28.1152 0.0 19.9736 1.3248 0.6624 10.6024 8.7944 40.088 
-0.522 4.0268 -21.6616 -15.302 -2.61 -1.9256 -16.09 -17.6504 -8.1692 -27.6304 -0.3132 6.3788 -5.22 -19.9772 66.8348 40.8404 -24.65 -52.7808 -0.7308 -11.2396 -16.658 -22.5272 -12.3508 -44.9708 -41.0156 0.0 0.0 -13.1232 -45.1276 -0.2732 -22.2168 -3.9136 -1.024 -15.4844 -25.0668 -15.3 -5.22 -22.5324 -7.1724 0.1972 193.632 -3.012 -27.5936 -15.4696 -20.5712 0.0 -13.574 -13.8048 4.7232 328.3316 -2.5388 -5.6312 86.9996 -0.0088 0.0 113.9156 -15.0724 0.0 5.8368 -0.4176 -0.2088 -15.1488 -11.1128 -0.846 
0.126 5.9676 10.2088 9.626 0.11 -2.1392 7.23 13.2672 1.0956 1.0872 0.0876 4.6916 -0.12 11.0196 12.3836 8.6628 8.91 7.4344 0.1044 1.4428 9.114 5.4496 0.8844 7.4044 6.3508 0.0 0.0 2.7576 39.3468 -0.0324 3.7824 5.6848 0.472 1.1892 -1.3076 3.46 -0.5 4.8332 2.7732 3.9804 -0.576 1.076 5.2448 13.3728 -1.2584 0.0 1.862 6.5464 2.3224 -2.5388 4.8484 -0.7184 -0.5428 -0.0216 0.0 23.5492 4.9532 0.0 1.1376 0.1968 0.0984 7.1584 3.1304 4.638 
0.024 -9.7576 11.1712 -0.276 -1.48 604.3592 9.98 10.1928 92.7344 49.7128 -0.0176 24.4784 -2.16 -5.4496 320.8064 22.6672 42.4 248.5056 -0.2544 -2.9128 50.676 52.6904 188.5456 113.2456 122.1792 0.0 0.0 -3.2576 17.6632 -0.1776 40.6976 45.8352 -0.592 65.1408 180.4976 50.7 -2.96 9.5368 4.1968 26.4896 -18.764 3.064 126.1552 -6.8528 61.2784 0.0 16.568 24.5336 54.5976 -5.6312 -0.7184 209.7184 3.5728 3.8016 0.0 52.8208 77.8368 0.0 55.6224 0.4032 0.2016 0.5416 11.5296 123.112 
-0.282 -4.7292 -10.3296 8.278 -0.43 -24.7736 -8.13 -6.5224 36.2948 2.8576 -0.0892 4.7828 -3.4 13.6868 -31.1812 40.7924 73.55 52.5552 -0.1348 -5.1076 -6.858 46.2368 6.5852 0.0852 41.5164 0.0 0.0 -10.6392 32.0244 -0.2892 40.9592 41.2184 -0.164 15.5236 -27.0508 10.14 2.74 3.7156 -2.0844 10.9932 43.972 1.848 -5.1616 -11.4176 9.3728 0.0 1.406 4.4312 15.5992 86.9996 -0.5428 3.5728 109.9476 -0.1528 0.0 19.6836 1.3956 0.0 30.1608 -0.3856 -0.1928 -9.1928 -5.8568 24.074 
-0.004 -0.2024 -0.1712 -0.124 -0.02 12.4608 -0.06 0.1472 1.2456 -0.2128 -0.0024 0.4216 -0.04 -0.1304 6.6936 -0.0472 0.14 0.2144 -0.0056 -0.0872 0.884 0.0096 2.8344 0.3944 -0.3192 0.0 0.0 -0.1024 -0.3832 -0.0024 0.3424 0.2848 -0.008 -0.1208 3.8024 5.99520433298e-17 -0.04 -0.1768 -0.0568 -0.1096 -0.256 -0.024 1.9648 -0.2272 -0.1184 0.0 0.012 0.0464 0.9424 -0.0088 -0.0216 3.8016 -0.1528 1.0784 0.0 1.1592 1.1432 0.0 0.7376 -0.0032 -0.0016 -0.1216 0.0304 1.948 
0.0 0.0 0.0 0.0 0.0 0.0 0.0 0.0 0.0 0.0 0.0 0.0 0.0 0.0 0.0 0.0 0.0 0.0 0.0 0.0 0.0 0.0 0.0 0.0 0.0 0.0 0.0 0.0 0.0 0.0 0.0 0.0 0.0 0.0 0.0 0.0 0.0 0.0 0.0 0.0 0.0 0.0 0.0 0.0 0.0 0.0 0.0 0.0 0.0 0.0 0.0 0.0 0.0 0.0 1.0 0.0 0.0 0.0 0.0 0.0 0.0 0.0 0.0 0.0 
-0.562 13.3188 43.8344 65.438 0.63 193.7904 24.61 72.8136 13.8228 -14.1864 -0.3212 38.1708 -4.8 26.5748 267.0868 43.7964 45.91 22.6272 -0.3228 1.1764 70.622 26.0248 44.8172 30.9572 17.3404 0.0 0.0 9.9488 262.6284 -0.3612 14.4512 39.3624 -0.884 -15.2404 47.7412 -9.84 -6.02 29.2716 15.9316 2.0852 79.992 4.868 64.6624 30.5864 -22.0592 0.0 8.826 76.2232 28.9312 113.9156 23.5492 52.8208 19.6836 1.1592 0.0 312.9796 33.6916 0.0 19.5488 -0.4816 -0.2408 45.8992 17.2152 52.194 
0.358 29.3548 40.4624 24.678 0.85 183.4784 25.01 27.7256 51.9788 73.4856 0.2148 27.4068 4.3 19.3508 101.6428 47.6244 61.43 239.0712 0.8412 3.8844 36.522 59.5808 91.0612 118.4212 145.0284 0.0 0.0 6.5448 84.4764 0.0748 44.7952 51.8904 0.596 68.0516 47.2652 55.46 3.34 24.5636 14.1436 37.7092 -14.548 5.728 78.4904 29.4744 57.9968 0.0 20.606 30.7272 28.1152 -15.0724 4.9532 77.8368 1.3956 1.1432 0.0 33.6916 61.2836 0.0 30.4448 1.0064 0.5032 21.4832 16.8192 62.894 
0.0 0.0 0.0 0.0 0.0 0.0 0.0 0.0 0.0 0.0 0.0 0.0 0.0 0.0 0.0 0.0 0.0 0.0 0.0 0.0 0.0 0.0 0.0 0.0 0.0 0.0 0.0 0.0 0.0 0.0 0.0 0.0 0.0 0.0 0.0 0.0 0.0 0.0 0.0 0.0 0.0 0.0 0.0 0.0 0.0 0.0 0.0 0.0 0.0 0.0 0.0 0.0 0.0 0.0 0.0 0.0 0.0 1.0 0.0 0.0 0.0 0.0 0.0 0.0 
-0.076 1.6664 9.8232 10.384 -0.76 117.6312 9.34 5.7608 47.9584 40.8608 -0.0336 16.6024 -1.84 6.8144 65.3704 35.0792 53.64 183.9816 -0.0784 -1.8608 16.736 53.2744 65.6416 71.7616 107.9512 0.0 0.0 -2.4336 46.8752 -0.1336 34.6336 38.8672 -0.112 51.7088 27.8136 35.1 1.12 15.5448 4.8848 22.5456 -0.584 4.064 42.6472 1.6392 47.8024 0.0 12.648 20.0496 19.9736 5.8368 1.1376 55.6224 30.1608 0.7376 0.0 19.5488 30.4448 0.0 32.6464 0.0352 0.0176 4.1176 6.8856 48.752 
0.152 0.9552 3.4176 0.392 -0.04 -0.4384 0.52 1.1744 0.0112 0.6144 0.0752 -0.3568 0.32 -0.3408 -0.1328 0.7856 0.2 3.3888 0.0688 -0.1744 0.248 0.7392 0.7088 2.2288 2.2416 0.0 0.0 1.1552 2.2736 -0.0048 1.2448 0.8896 -0.016 2.0784 0.0048 5.28 -0.08 -0.1936 -0.1136 3.8608 -0.512 -0.048 0.8896 4.6656 -0.1568 0.0 0.184 -0.2272 1.3248 -0.4176 0.1968 0.4032 -0.3856 -0.0032 0.0 -0.4816 1.0064 0.0 0.0352 1.3136 0.1568 0.4768 0.3808 0.296 
0.076 0.4776 1.7088 0.196 -0.02 -0.2192 0.26 0.5872 0.0056 0.3072 0.0376 -0.1784 0.16 -0.1704 -0.0664 0.3928 0.1 1.6944 0.0344 -0.0872 0.124 0.3696 0.3544 1.1144 1.1208 0.0 0.0 0.5776 1.1368 -0.0024 0.6224 0.4448 -0.008 1.0392 0.0024 2.64 -0.04 -0.0968 -0.0568 1.9304 -0.256 -0.024 0.4448 2.3328 -0.0784 0.0 0.092 -0.1136 0.6624 -0.2088 0.0984 0.2016 -0.1928 -0.0016 0.0 -0.2408 0.5032 0.0 0.0176 0.1568 1.0784 0.2384 0.1904 0.148 
0.096 44.8576 56.9488 43.096 -1.04 -16.4192 13.98 25.7672 7.7256 70.7672 0.0376 14.1816 3.86 10.5296 62.1936 40.8328 61.76 108.9744 1.9544 0.2128 27.924 40.1896 16.8944 79.5544 82.3208 0.0 0.0 26.3576 178.5168 -0.1824 43.6824 26.8048 -0.348 24.4392 52.3424 20.06 -0.26 64.4832 22.7832 18.0504 -8.056 2.436 37.7648 47.2728 11.6816 0.0 18.832 19.7664 10.6024 -15.1488 7.1584 0.5416 -9.1928 -0.1216 0.0 45.8992 21.4832 0.0 4.1176 0.4768 0.2384 54.2784 22.9504 26.088 
0.056 17.0256 39.0128 25.556 -0.14 6.1048 9.74 18.8432 12.1336 65.8432 0.7256 2.3696 -0.6 2.8976 7.8216 25.9568 50.16 128.0464 1.2064 28.7768 25.404 43.2576 33.1664 74.7064 84.5048 0.0 0.0 31.6056 75.9008 -0.1144 40.5144 25.8288 -0.268 48.2952 -6.9456 24.4 -1.06 19.2592 16.6992 17.5224 -11.356 3.336 31.2288 13.3568 57.3496 0.0 12.072 19.2584 8.7944 -11.1128 3.1304 11.5296 -5.8568 0.0304 0.0 17.2152 16.8192 0.0 6.8856 0.3808 0.1904 22.9504 43.5824 18.788 
-0.11 18.622 33.316 25.79 -1.27 311.376 23.85 19.064 79.222 78.804 -0.098 26.222 -2.9 3.122 211.482 55.546 81.85 291.268 0.218 -0.114 46.61 79.672 131.818 133.878 168.486 0.0 0.0 7.652 134.086 -0.258 57.988 58.996 -0.04 77.734 133.558 55.6 -4.2 50.974 14.694 36.338 -13.76 6.18 98.436 33.576 69.352 0.0 25.41 33.288 40.088 -0.846 4.638 123.112 24.074 1.948 0.0 52.194 62.894 0.0 48.752 0.296 0.148 26.088 18.788 103.85 
