1 0 0 0 0 0 1 5 0 0 0 0 0 0 0 0 0 0 0 0 0 0 0 1 0 0 0 0 0 0 0 4 0 0 0 0 0 0 0 0 0 0 0 0 0 0 0 0 0 0 0 0 0 0 0 0 0 0 0 0 4 0 0 0 
0 0 0 0 0 0 0 4 0 0 0 0 1 2 0 0 0 0 0 0 0 0 0 2 0 0 1 0 0 2 0 0 0 0 0 0 0 0 0 0 0 1 0 0 0 0 1 0 0 0 0 0 0 0 0 0 1 0 0 0 1 0 0 0 
10 0 1 0 0 0 1 15 0 0 0 0 0 0 21 0 0 0 0 15 3 0 0 8 0 0 0 0 0 4 0 0 0 0 7 0 0 0 0 0 0 0 7 0 1 12 9 2 0 0 0 0 0 0 28 0 14 1 0 25 0 1 0 5 
0 0 0 0 0 0 0 4 0 0 0 0 0 0 0 0 0 0 0 0 0 0 0 0 0 0 0 0 0 0 0 1 0 0 0 0 0 0 0 0 0 0 0 0 3 2 0 0 0 0 0 0 0 0 0 0 4 0 0 0 2 0 0 0 
16 0 0 1 115 0 19 5 17 0 0 0 166 0 1 0 0 0 0 0 23 0 0 6 7 0 0 15 3 0 0 0 6 3 0 0 0 29 0 0 0 0 28 0 0 0 15 0 0 0 0 9 0 0 0 0 45 0 0 0 0 72 0 71 
0 0 0 0 0 0 0 3 1 0 0 0 1 3 0 0 1 0 0 0 0 0 0 1 0 0 0 0 0 0 0 2 0 0 0 0 0 0 0 0 0 1 1 0 0 0 0 0 0 0 0 0 0 0 0 0 0 0 0 0 0 2 0 0 
6 1 0 0 0 0 0 9 45 0 0 2 15 0 0 3 8 1 0 2 8 1 3 3 0 1 14 6 0 4 6 1 0 1 0 2 0 0 0 0 0 0 6 0 0 4 1 3 18 0 14 1 0 12 12 0 16 2 60 5 21 4 2 2 
0 0 1 0 3 0 0 0 2 0 0 0 2 0 0 0 0 0 0 0 0 0 0 0 0 0 0 0 0 0 0 0 0 0 0 0 0 0 0 0 0 0 0 0 0 3 0 0 0 0 0 2 0 0 0 0 3 0 0 0 0 0 0 0 
2 0 0 0 0 0 0 2 3 0 0 0 0 0 0 0 0 0 0 0 0 0 0 1 0 0 0 0 0 0 0 0 0 0 0 0 0 0 0 0 0 0 0 0 0 1 1 0 0 0 0 0 0 0 0 0 3 0 0 0 2 0 0 0 
0 0 0 0 1 0 1 1 3 0 0 0 0 0 0 0 0 0 0 0 1 0 1 0 0 1 0 0 0 0 0 0 0 0 0 0 0 0 1 0 0 0 0 0 0 0 0 0 0 0 0 0 0 2 0 0 1 0 0 0 0 3 0 0 
0 0 0 0 2 0 0 0 0 0 0 0 1 0 0 0 2 0 0 0 0 1 0 2 0 0 1 0 0 4 0 1 0 0 0 0 0 0 0 0 0 0 0 0 0 0 1 0 0 0 0 0 0 0 0 0 1 0 0 0 0 0 0 0 
9 0 11 2 0 0 3 9 19 0 43 0 10 2 0 0 6 0 44 0 17 12 5 4 2 4 0 11 5 0 5 1 0 1 0 2 0 9 0 0 0 14 4 0 0 0 11 0 6 0 1 1 0 8 2 0 11 0 16 17 13 8 1 3 
0 0 0 0 0 0 0 5 0 0 2 0 0 0 0 0 0 0 2 0 1 0 0 0 0 0 2 0 0 1 0 0 0 0 0 0 0 0 0 0 0 0 0 0 0 2 0 0 0 0 0 0 0 0 0 0 1 0 0 0 0 0 0 0 
0 0 0 0 2 0 0 1 0 0 0 0 3 0 0 0 0 0 0 0 0 0 0 0 0 0 0 0 0 0 0 2 0 0 0 0 0 0 0 0 0 0 0 0 0 0 0 0 0 0 8 0 0 0 0 0 0 0 0 0 0 0 0 0 
0 0 0 0 0 0 0 0 1 0 0 0 0 0 0 1 0 0 0 0 0 0 0 1 0 0 0 0 0 0 0 0 0 3 0 1 0 0 0 0 0 0 1 0 0 0 0 0 1 0 0 0 0 0 0 0 4 0 2 0 0 1 0 0 
0 0 10 2 0 0 0 14 3 0 0 0 2 2 0 0 1 1 3 11 11 30 0 4 0 0 46 0 0 0 2 1 0 0 0 0 0 17 0 0 0 0 4 0 22 14 15 37 0 0 11 6 0 0 0 0 13 0 0 0 4 4 4 6 
3 0 0 0 0 0 0 4 0 0 0 0 1 0 0 0 0 0 0 0 1 0 0 0 0 0 2 0 0 1 0 1 0 0 0 0 0 0 0 0 0 0 0 0 0 0 1 0 0 0 0 0 0 0 0 0 2 0 0 0 0 0 0 0 
0 0 0 0 1 0 1 2 1 0 0 0 0 1 0 0 0 0 0 0 3 0 0 0 0 0 0 0 0 0 0 0 0 0 0 0 0 0 0 0 0 0 0 0 1 0 0 0 0 0 0 0 1 0 0 0 4 0 0 0 1 0 0 0 
0 0 0 0 0 0 0 0 2 0 0 0 0 0 0 0 1 0 0 0 2 0 1 0 0 0 0 0 0 0 0 1 0 0 0 0 0 0 0 0 0 0 0 0 2 0 0 0 2 0 0 0 0 0 0 0 1 0 0 0 0 4 0 0 
0 0 0 0 0 0 1 4 0 0 0 0 0 0 0 0 0 0 0 0 4 0 1 0 0 0 0 0 0 0 0 0 0 0 0 0 0 0 0 0 0 0 0 0 0 0 0 0 0 0 2 0 0 0 0 0 2 0 0 0 2 0 0 0 
2 0 8 3 0 0 12 0 35 3 2 0 1 6 0 0 0 0 0 0 9 0 0 4 0 3 34 3 5 11 0 0 5 0 0 4 0 3 17 0 0 0 2 0 0 15 8 0 1 0 10 7 0 2 0 0 4 0 57 4 38 9 0 9 
0 0 3 0 0 0 0 0 1 0 0 0 0 0 0 1 0 0 0 0 0 0 0 2 0 0 0 0 0 0 0 0 0 2 0 1 0 0 0 0 0 0 0 0 0 0 2 0 0 0 0 0 0 0 0 0 1 0 0 0 0 1 0 1 
0 0 0 0 0 0 0 3 0 0 0 0 0 0 0 0 0 0 2 0 0 1 0 0 0 0 0 0 0 0 0 1 0 0 0 0 0 0 0 0 0 2 0 0 7 0 0 0 0 0 0 0 0 0 0 0 0 0 0 0 0 0 0 0 
6 1 0 0 10 1 2 9 5 0 1 0 9 12 0 0 2 0 2 0 1 0 0 0 0 0 1 0 0 0 0 2 0 1 0 2 0 0 0 0 0 2 0 0 0 0 6 0 0 0 4 0 0 0 0 0 4 0 5 0 12 3 0 5 
3 0 0 0 0 0 0 1 1 0 0 0 0 1 0 0 2 0 0 0 3 0 0 0 0 0 1 0 0 0 0 2 0 0 0 0 0 0 0 0 0 0 0 0 0 0 0 0 0 0 0 0 0 0 0 0 2 0 0 0 0 0 0 0 
1 0 0 0 0 0 0 0 1 0 0 0 3 0 0 0 1 0 1 2 1 0 0 0 0 0 0 0 0 1 1 0 0 0 0 0 0 0 0 0 0 1 0 0 0 0 0 1 0 0 0 0 0 0 0 0 0 0 0 2 0 0 0 0 
0 0 0 0 0 0 1 1 0 0 0 0 0 0 0 0 0 0 0 0 0 0 0 1 0 0 0 0 0 0 0 3 0 0 0 0 0 0 0 0 0 0 0 0 0 0 0 0 1 0 9 0 0 0 0 0 0 0 0 0 0 0 0 0 
2 0 0 0 0 0 0 1 0 0 0 0 0 1 0 0 0 0 0 0 3 0 0 0 0 0 0 0 0 0 0 0 0 0 0 0 0 0 0 0 0 2 0 0 0 0 0 0 0 0 0 0 0 1 0 0 4 0 0 0 2 0 0 0 
4 0 0 0 2 0 0 6 2 0 0 0 1 1 0 0 0 0 1 6 4 0 0 0 0 0 4 0 0 0 1 2 0 2 0 0 0 0 0 0 0 5 1 0 1 1 1 6 0 0 0 0 0 0 0 0 7 0 0 0 1 3 1 0 
0 0 0 0 2 0 0 4 0 0 0 0 0 0 0 0 1 0 0 1 3 0 0 0 0 0 0 0 0 0 0 0 0 0 0 0 0 0 0 0 0 0 0 0 0 3 0 0 0 0 0 0 0 0 0 0 2 0 0 0 0 0 0 0 
12 0 3 0 0 1 1 16 1 0 29 0 3 0 0 0 0 0 8 0 4 0 3 12 0 0 17 1 0 0 0 0 0 2 0 0 0 0 0 0 0 5 0 0 0 0 3 0 0 0 3 3 0 10 0 0 5 0 0 7 13 5 25 0 
0 0 0 0 0 0 0 3 0 0 0 0 0 3 0 0 0 0 0 0 1 0 2 0 0 0 0 0 0 0 2 0 0 0 0 0 0 0 0 0 0 0 0 0 0 4 0 0 1 0 0 0 0 0 0 0 0 0 0 0 0 0 0 0 
27 0 0 0 0 0 0 0 0 0 0 0 18 0 0 0 0 0 0 0 0 0 0 2 0 0 0 0 0 3 0 0 0 0 0 0 0 6 0 0 0 0 0 0 0 16 2 0 0 0 10 0 0 0 0 0 0 0 0 0 70 0 0 22 
0 0 0 0 0 0 0 2 1 0 0 0 0 0 0 0 3 0 0 0 1 0 0 1 0 0 0 0 0 0 1 1 0 1 0 0 0 0 0 0 0 0 1 0 0 0 1 0 0 0 0 0 0 0 0 0 2 0 0 0 0 1 0 0 
156 0 17 17 2 0 0 0 7 8 0 0 113 0 0 0 11 0 0 32 51 194 140 20 0 322 152 36 1 63 150 13 0 72 0 154 0 13 347 0 0 0 21 0 0 0 66 0 238 0 0 0 0 267 0 0 47 0 21 0 37 118 150 4 
0 0 0 0 2 0 0 1 0 0 0 0 0 0 0 0 0 0 0 2 4 0 0 0 0 0 0 0 0 0 0 2 0 0 0 0 0 0 0 0 0 0 0 0 0 2 0 0 0 0 0 0 0 0 0 0 1 0 0 0 2 0 0 0 
0 0 0 0 0 0 2 0 1 2 0 0 0 0 0 0 0 0 0 0 2 0 0 4 0 0 0 0 0 0 0 2 0 1 0 0 0 0 0 0 0 0 0 0 0 0 0 0 0 0 0 0 0 0 0 0 2 0 0 0 0 0 0 0 
5 0 0 0 0 0 0 0 0 0 3 0 3 0 0 0 0 0 0 0 0 0 0 0 0 0 0 0 0 0 0 0 0 0 0 0 0 0 0 0 0 0 0 0 0 0 2 0 0 0 0 0 0 0 0 0 1 0 0 0 0 2 0 0 
0 0 0 0 0 0 0 3 2 0 0 0 4 0 0 0 2 0 0 0 0 0 0 0 0 0 0 0 0 0 0 0 0 0 0 0 0 0 0 0 0 0 0 0 0 0 0 0 0 0 2 0 0 0 0 0 0 0 1 2 0 0 0 0 
1 0 0 1 0 0 2 0 0 0 0 0 1 0 0 0 1 0 0 0 2 0 1 3 0 0 0 0 0 0 0 2 0 1 0 0 0 0 0 0 0 0 0 0 0 0 0 0 1 0 0 0 0 0 0 0 0 0 0 0 0 0 0 0 
0 0 0 0 0 0 0 6 0 0 0 0 1 0 0 0 0 0 0 0 0 0 0 0 0 0 0 0 0 0 0 0 0 0 0 0 0 0 0 0 0 1 0 0 0 2 2 0 0 0 0 0 0 0 0 0 3 0 0 0 0 1 0 0 
1 0 1 0 0 0 0 0 0 0 0 0 0 0 0 0 3 0 0 0 2 0 0 4 0 0 0 0 0 0 0 0 0 0 0 0 0 0 1 0 0 0 0 0 0 0 0 0 0 0 1 0 0 0 0 0 2 0 1 0 0 0 0 0 
0 0 0 0 0 0 0 2 0 0 0 0 1 1 0 0 3 0 0 0 0 0 0 0 0 0 0 0 0 0 0 2 0 0 0 0 0 0 0 0 0 5 0 0 0 0 0 0 0 0 0 0 0 0 0 0 2 0 0 0 0 0 0 0 
1 0 0 0 4 0 46 0 0 0 0 0 2 0 0 0 39 0 0 21 5 67 0 0 0 20 5 0 0 5 36 36 109 0 0 0 0 0 24 0 0 0 0 0 21 0 3 2 0 0 0 0 0 0 0 0 2 0 0 0 0 0 2 0 
0 0 0 0 0 0 0 0 0 0 0 0 0 0 0 0 4 0 0 0 0 0 0 0 0 0 0 0 0 0 2 3 0 0 0 0 0 0 0 0 0 0 0 0 2 0 0 0 0 0 0 0 0 0 0 0 5 0 0 0 0 0 0 0 
0 0 0 0 0 0 1 4 0 0 0 0 0 0 0 0 0 0 0 0 0 0 0 1 0 0 0 0 0 0 0 1 0 0 0 0 0 0 0 0 0 0 1 0 0 1 0 0 0 0 0 0 0 0 0 0 2 0 0 0 5 0 0 0 
3 5 0 0 0 0 0 30 0 0 0 1 0 10 12 0 2 0 0 0 10 0 0 20 0 0 0 2 0 0 1 0 0 0 0 0 0 0 0 0 1 23 19 1 0 1 4 0 0 0 0 0 0 0 0 2 19 0 0 0 16 4 6 0 
0 3 0 0 0 0 0 0 0 0 0 2 0 0 0 0 0 0 0 6 0 0 0 0 0 0 0 0 0 0 0 0 0 0 0 0 2 0 0 0 1 0 0 0 0 0 0 0 0 0 0 0 0 0 0 0 0 0 0 0 0 0 2 0 
0 0 0 0 0 0 4 29 304 0 50 0 19 16 0 0 16 18 6 0 11 7 29 9 0 0 0 56 0 0 30 17 0 42 0 26 0 2 4 0 0 161 0 0 0 0 9 0 60 0 119 15 3 0 0 0 65 0 273 0 9 33 0 10 
0 0 0 0 0 0 0 2 3 0 0 0 0 0 0 0 4 0 0 0 3 0 0 1 0 0 0 0 0 0 0 0 0 0 0 0 0 0 0 0 0 0 0 0 0 0 0 0 0 0 0 0 0 0 0 0 3 0 0 0 0 0 0 0 
