0 0 0 0 0 0 0 0 0 0 0 0 0 0 0 0 0 0 0 0 4 0 2 0 0 0 0 1 0 0 0 0 0 0 0 0 0 0 0 0 0 0 0 0 0 0 0 0 0 0 0 0 0 0 0 0 2 0 0 0 0 0 0 0 
0 62 14 14 0 0 31 18 34 0 0 0 11 0 0 4 40 0 0 0 36 66 15 161 0 114 5 5 8 0 31 26 0 4 0 19 0 6 150 2 0 0 21 0 0 0 16 0 26 0 1 0 64 0 0 0 97 0 40 0 0 34 4 21 
0 1 0 0 0 0 0 1 2 0 0 0 0 1 0 0 0 0 0 0 4 0 1 0 0 0 0 0 0 0 0 0 0 0 0 0 0 0 0 0 0 0 0 0 0 0 0 0 0 0 0 0 0 0 0 0 7 0 0 0 0 0 0 1 
0 0 0 0 0 0 10 12 20 0 0 0 0 0 0 1 0 0 0 0 27 0 49 19 1 0 0 0 0 0 0 4 0 10 0 0 0 0 0 0 0 0 17 2 0 0 5 0 1 0 0 6 0 0 0 0 49 0 7 0 0 15 2 43 
0 0 0 0 0 0 0 2 0 0 0 0 0 1 0 0 0 0 0 0 0 0 0 0 0 0 0 0 0 0 0 0 0 1 0 0 0 0 0 0 0 0 1 0 0 0 1 0 0 0 0 0 1 0 0 0 8 0 0 0 0 0 0 0 
0 0 0 0 0 0 0 0 1 0 0 0 0 0 0 0 0 0 0 0 2 0 0 0 0 0 0 0 0 0 0 1 0 0 0 0 0 0 0 0 0 0 1 0 0 0 3 0 0 0 0 0 0 0 0 0 3 0 0 0 0 1 0 0 
0 0 0 0 0 0 1 1 0 0 0 0 0 2 0 0 0 0 0 0 1 0 0 2 0 0 0 0 0 0 0 0 0 0 0 0 0 0 0 0 0 0 0 0 0 0 1 0 0 0 0 0 0 0 0 0 1 0 0 0 0 0 0 0 
1 0 1 0 0 0 3 20 5 0 0 0 1 25 0 0 0 0 18 0 10 0 0 2 0 0 0 1 0 1 0 2 0 27 0 0 0 0 0 0 0 36 1 0 0 0 1 0 0 0 3 3 0 0 4 0 15 0 1 36 0 1 0 3 
0 0 0 0 0 0 0 0 1 0 0 0 0 2 0 0 0 0 0 0 1 0 0 1 0 0 0 0 0 0 0 0 0 0 0 0 0 0 0 0 0 0 4 0 0 0 0 0 0 0 0 0 0 0 0 0 3 0 0 0 0 0 0 0 
0 0 0 0 0 0 0 1 0 0 0 0 0 0 0 0 1 0 0 0 1 0 0 0 0 0 0 0 0 0 0 0 0 0 0 0 0 0 0 0 0 0 0 0 0 0 0 0 0 0 0 0 0 0 0 0 12 0 0 0 0 0 0 0 
0 0 0 0 0 0 0 1 0 0 0 0 0 0 0 0 0 0 0 0 0 0 0 0 0 0 0 0 0 0 0 2 0 0 0 0 0 0 0 0 0 0 0 0 0 0 0 0 0 0 0 0 0 0 0 0 5 0 0 0 0 4 0 0 
0 0 0 0 0 0 0 0 0 0 0 0 1 1 0 0 0 0 0 0 2 0 0 1 0 0 0 0 0 0 0 0 0 0 0 0 0 0 0 0 0 4 2 0 0 0 0 0 0 0 0 0 0 0 0 0 0 0 0 0 0 1 0 3 
0 0 0 0 0 0 168 67 6 0 0 0 0 36 0 0 28 0 0 0 16 4 6 24 0 0 0 0 0 0 14 49 21 0 5 0 0 0 0 0 0 10 16 0 0 0 0 0 6 0 0 0 0 0 0 0 51 0 5 0 0 0 0 0 
0 0 0 0 0 0 32 150 9 0 0 0 9 36 0 0 2 0 0 11 151 0 12 20 0 0 0 31 0 0 0 44 5 11 0 0 0 0 0 0 0 6 4 0 0 0 19 0 4 0 0 0 0 0 0 0 121 0 0 0 0 15 75 1 
18 0 22 8 0 5 2 7 0 2 5 0 8 1 0 2 0 1 0 8 38 0 2 103 3 3 22 23 0 0 0 5 0 8 0 2 0 2 4 0 0 0 16 2 0 0 10 5 0 0 18 1 0 0 0 0 22 0 0 0 11 51 4 6 
0 0 0 0 0 0 0 1 0 0 0 0 0 1 0 0 0 0 0 0 0 0 0 0 0 0 0 0 0 0 0 0 0 0 0 0 0 0 0 0 0 4 3 0 0 0 0 0 0 0 0 0 0 0 0 0 6 0 0 0 0 0 0 0 
0 0 0 0 0 0 0 1 0 0 0 0 0 0 0 0 0 0 0 0 2 0 0 1 0 0 0 0 0 0 0 0 0 0 0 0 0 0 0 0 0 0 3 0 0 1 1 0 0 0 0 0 0 0 0 0 4 0 0 0 1 1 0 0 
0 0 0 0 0 0 0 1 0 0 0 0 1 0 0 0 0 0 0 0 0 0 0 0 0 0 0 0 0 4 0 0 0 0 0 0 0 0 0 0 0 0 0 0 0 0 0 0 0 0 0 0 0 0 0 0 9 0 0 0 0 0 0 0 
0 0 0 0 0 0 0 4 0 0 0 0 0 0 0 0 0 0 0 0 0 0 0 0 0 0 0 0 0 0 0 0 0 1 0 0 0 0 0 0 0 0 0 0 0 0 0 0 0 0 0 3 0 0 0 0 2 0 0 0 0 0 0 2 
0 0 0 0 0 0 0 1 2 0 0 0 0 0 0 0 0 0 0 0 0 0 0 0 0 0 0 0 0 0 0 0 0 0 0 0 0 0 0 0 0 0 1 0 0 0 0 0 0 0 0 0 0 0 0 0 4 0 1 0 0 0 0 3 
0 0 0 0 0 0 0 2 1 0 0 0 0 0 0 0 1 0 0 0 1 0 0 0 0 0 0 0 0 0 0 6 0 0 0 0 0 0 0 0 0 0 0 0 0 0 0 0 2 0 0 0 0 0 0 0 2 0 0 0 0 0 0 0 
0 0 0 0 0 0 0 2 3 0 0 2 0 0 0 0 1 0 0 0 0 0 0 4 0 0 0 0 0 0 0 2 0 0 0 0 0 0 0 0 0 0 2 0 0 0 0 0 0 0 0 0 0 0 0 0 0 0 0 0 0 0 0 0 
0 109 108 190 1 0 2 10 10 2 0 8 2 0 15 20 41 2 201 1 17 32 19 15 359 0 0 6 19 0 52 18 0 25 7 38 0 78 0 5 0 0 237 31 0 0 78 1 45 0 0 0 0 0 0 0 16 0 14 0 0 8 26 70 
1 0 2 0 0 1 0 4 3 0 0 0 3 0 0 0 0 0 0 0 7 0 4 15 0 0 0 8 0 0 2 1 0 0 0 0 0 1 0 0 0 15 71 0 0 0 18 0 2 0 0 5 0 0 0 0 17 0 0 0 0 6 1 5 
0 0 0 0 0 0 194 52 1 13 0 0 0 69 0 0 0 0 0 0 0 0 0 40 4 0 0 0 1 0 0 5 0 0 0 0 0 0 4 0 0 99 20 0 0 0 0 0 0 0 3 0 0 0 0 0 13 0 0 0 0 0 0 2 
2 0 0 0 0 0 0 1 0 0 0 0 0 0 0 0 0 0 0 0 1 0 0 1 0 0 0 0 0 0 0 0 0 0 0 0 0 0 0 0 0 0 3 0 0 0 1 0 0 0 0 0 0 0 0 0 6 0 0 0 0 0 0 0 
0 0 0 0 0 0 0 0 0 0 0 0 0 0 0 0 0 0 0 0 6 0 0 0 0 0 0 0 0 0 0 0 0 0 0 0 0 0 0 0 0 0 3 0 3 0 0 0 0 0 0 0 0 0 0 0 9 0 0 0 0 0 0 0 
0 0 1 0 0 0 0 3 2 0 0 0 0 0 0 3 0 0 2 0 0 0 0 1 0 0 0 0 0 0 0 0 0 0 0 0 0 0 0 0 0 0 0 0 0 0 1 0 0 0 0 0 0 0 0 0 2 0 0 0 0 0 0 0 
0 0 0 0 0 0 1 2 0 0 2 0 0 1 0 0 0 0 1 0 0 0 0 4 0 0 0 0 0 0 0 0 0 0 0 0 0 0 0 0 0 1 1 0 0 0 0 0 0 0 0 0 0 0 0 0 2 0 0 0 0 0 0 0 
0 0 0 0 0 0 0 1 1 0 0 0 0 0 0 0 0 0 0 0 1 0 0 2 0 0 0 0 0 0 0 1 0 0 0 0 0 0 0 0 0 0 1 0 0 0 1 0 0 0 0 0 0 0 0 0 7 0 0 0 0 0 0 0 
0 1 0 2 0 0 0 3 0 0 1 0 0 1 0 0 0 0 2 0 0 0 0 0 0 0 0 0 0 0 0 0 0 0 0 0 0 0 0 0 0 0 0 1 0 0 0 0 0 0 0 0 0 0 0 0 0 0 0 1 0 0 0 0 
0 0 61 12 0 0 1 41 0 0 0 0 13 81 0 0 0 3 0 15 47 0 5 51 10 0 0 88 9 0 0 0 0 12 0 0 0 59 8 0 0 110 16 0 0 0 35 0 0 0 1 0 0 0 0 0 43 0 0 0 0 72 200 7 
0 0 6 0 0 0 3 5 1 5 0 0 0 4 0 3 4 20 0 0 29 0 6 16 0 0 0 1 0 0 1 1 0 11 0 1 0 1 3 0 0 6 3 0 0 0 1 0 1 0 0 6 0 0 0 0 20 0 5 0 0 22 5 2 
80 0 75 7 0 0 21 45 4 5 2 0 21 3 0 3 0 1 0 1 8 0 0 39 1 25 0 58 2 0 0 0 1 28 0 0 0 94 0 0 0 0 43 1 0 0 118 0 5 0 2 0 0 0 0 0 54 2 5 12 0 95 1 12 
0 0 0 0 0 0 0 6 0 0 0 0 0 0 0 0 1 0 0 0 0 0 0 0 0 0 0 0 0 0 0 3 0 0 0 0 0 0 0 0 0 0 0 0 0 0 0 0 0 0 0 0 0 0 0 0 5 3 0 0 0 0 0 0 
0 1 0 0 0 0 66 119 53 0 0 0 0 84 0 0 158 0 17 4 36 29 25 21 0 0 0 0 0 0 76 161 0 2 0 0 0 0 0 0 0 0 119 0 1 6 1 0 20 0 0 1 0 0 239 0 133 100 6 217 2 10 5 16 
0 0 0 0 0 5 1 18 5 0 0 0 3 19 0 0 4 0 2 0 46 0 15 5 0 0 0 0 0 0 2 9 0 1 0 0 0 0 0 0 0 11 1 0 0 0 1 140 0 0 6 0 0 0 0 0 23 0 0 0 0 0 18 1 
0 0 0 0 0 0 0 0 4 0 0 0 0 0 0 0 0 0 0 0 1 0 0 0 0 0 0 0 0 0 0 2 0 0 0 0 0 0 0 0 0 0 0 0 0 0 0 0 1 0 0 0 0 0 0 0 5 0 2 0 0 0 0 0 
5 150 0 9 0 0 11 18 8 129 0 1 0 3 0 5 24 3 0 0 17 22 11 21 0 0 355 0 55 364 35 14 0 10 0 0 0 0 3 0 0 3 3 1 0 4 1 0 18 0 31 28 0 25 0 0 16 0 5 0 4 3 0 121 
0 0 0 0 1 11 5 96 9 0 157 0 6 3 77 0 21 0 4 0 21 0 3 31 1 0 0 1 4 0 0 28 0 6 0 0 0 0 0 0 0 3 16 97 0 0 2 18 1 0 26 3 0 0 0 0 56 0 2 8 0 2 12 7 
0 0 0 0 0 0 0 3 0 0 0 0 0 3 1 0 0 0 0 0 1 0 0 2 0 0 0 0 0 0 0 0 0 0 0 0 0 0 0 0 0 0 0 0 0 0 1 0 0 0 0 0 0 0 0 0 1 0 0 0 0 0 0 0 
0 0 0 0 0 0 0 0 0 0 0 0 0 5 0 0 0 0 0 0 7 0 0 0 0 0 0 0 0 0 0 0 0 0 0 0 0 0 0 0 0 1 0 0 0 0 0 0 0 0 0 0 0 0 0 0 1 0 0 0 0 0 1 0 
0 0 0 0 0 0 0 0 0 0 0 0 0 0 0 0 0 0 0 0 0 0 0 3 0 0 0 0 0 0 0 0 0 0 0 0 0 0 1 0 0 0 1 0 0 0 5 0 0 0 0 0 0 0 0 0 4 0 0 0 0 1 0 0 
0 0 5 1 0 0 0 1 0 0 0 0 7 6 0 1 13 2 0 4 24 24 9 0 0 0 0 8 0 0 12 8 0 4 0 0 0 10 0 0 0 9 0 0 2 0 11 0 4 0 0 0 0 0 0 0 3 0 0 0 0 14 8 2 
10 0 30 0 0 0 4 3 2 0 25 0 11 2 0 0 1 0 0 0 13 0 4 8 0 0 0 6 0 0 0 1 1 2 0 0 0 12 4 0 0 0 2 0 0 0 19 0 0 0 6 0 0 0 0 0 17 0 0 10 7 14 0 2 
0 4 0 0 0 1 0 10 23 2 0 0 0 10 0 2 0 1 0 0 1 0 1 1 0 0 0 1 0 0 0 1 0 3 0 0 0 0 0 0 0 34 18 0 0 0 4 0 0 0 0 22 0 0 0 0 8 0 5 0 0 2 0 38 
6 2 7 0 0 3 15 42 5 0 0 0 7 5 0 0 2 0 0 0 12 1 4 92 0 0 1 20 0 1 1 4 0 0 0 0 0 0 0 0 0 0 4 0 0 69 9 0 7 0 4 23 0 0 0 0 28 17 14 0 5 6 0 34 
0 0 1 0 0 0 0 1 0 0 0 0 0 1 0 0 1 0 0 0 0 0 0 3 0 0 0 0 0 0 1 1 0 0 0 0 0 0 0 0 0 0 0 0 0 0 6 0 0 0 0 0 0 0 0 0 0 0 0 0 0 0 0 0 
0 0 0 0 0 0 10 12 22 0 0 0 0 13 0 0 0 0 0 0 3 0 1 6 0 0 0 0 0 0 0 14 0 1 0 0 0 0 5 0 0 37 35 0 0 0 0 0 0 0 4 12 0 0 0 0 18 0 15 0 1 0 0 7 
0 0 0 0 0 0 0 2 0 0 0 0 0 0 0 0 0 0 0 0 1 0 0 0 0 0 0 0 0 0 0 0 0 0 0 0 0 0 0 0 0 0 1 0 0 0 0 0 0 0 0 0 0 0 0 0 8 0 0 0 0 0 0 0 
