0 0 0 0 0 0 1 2 0 0 0 2 0 1 72 1 4 0 0 0 0 1 0 0 0 0 0 0 0 0 0 8 0 0 0 0 0 0 0 0 58 0 4 11 0 0 0 0 3 68 0 0 7 0 0 51 1 0 5 0 0 0 0 0 
0 0 0 0 0 0 0 3 0 0 0 0 0 0 0 0 0 0 0 0 9 0 0 1 0 0 0 2 0 1 0 0 0 0 0 0 0 0 0 0 0 0 5 3 0 0 0 0 0 0 0 0 0 0 0 0 15 0 0 0 0 0 1 0 
0 0 0 0 0 0 0 0 1 0 0 0 0 0 0 4 0 0 0 0 0 0 0 0 2 0 0 0 0 0 0 2 0 0 0 0 0 0 0 0 0 0 3 3 0 0 0 0 0 0 0 0 0 0 0 0 0 0 0 0 0 0 0 0 
0 3 23 10 0 0 21 6 47 93 0 10 0 7 0 35 50 349 0 5 13 72 75 142 205 0 0 2 43 0 31 50 0 102 0 61 0 32 12 38 0 7 50 0 104 0 26 36 9 0 0 34 12 0 0 0 35 0 27 0 0 11 16 40 
0 0 0 2 0 0 0 11 0 0 1 0 0 3 0 0 17 1 0 34 15 10 9 2 0 0 0 34 0 0 12 12 0 20 0 0 0 0 0 0 0 1 1 0 41 0 0 7 0 0 0 0 0 0 0 0 1 0 0 0 0 0 36 0 
0 42 49 32 0 0 4 7 4 84 0 2 2 1 0 33 60 45 3 1 10 30 6 67 48 0 0 14 73 0 53 19 0 8 0 2 0 23 24 4 0 0 37 18 0 0 11 0 10 0 0 0 0 0 0 0 14 0 1 0 0 35 23 11 
0 43 0 0 0 0 0 4 12 0 0 82 0 4 0 65 16 2 0 1 0 7 1 0 0 0 0 1 0 0 6 10 0 6 1 2 0 0 0 4 0 4 7 0 10 0 0 0 3 0 0 0 1 0 0 0 11 0 4 0 0 1 0 0 
0 0 0 1 8 0 1 6 2 8 0 0 0 1 4 0 20 0 1 0 0 7 0 25 0 0 0 0 0 0 8 48 0 0 25 0 0 0 0 0 2 0 49 0 2 0 5 62 1 0 0 0 7 0 0 22 6 0 2 0 0 1 0 0 
0 3 1 1 1 0 4 1 1 2 0 5 1 5 0 0 17 0 0 0 3 3 0 7 3 0 0 0 1 0 7 16 0 5 3 0 46 0 0 0 18 0 1 7 0 0 2 0 2 0 0 0 8 0 0 0 10 0 4 0 0 3 1 0 
1 1 6 0 0 0 5 39 1 0 1 1 2 112 0 0 32 0 2 0 1 3 0 4 0 0 0 0 0 0 8 28 4 0 0 0 0 0 0 0 5 0 3 1 1 0 2 0 1 0 3 0 10 0 0 2 10 0 3 0 0 2 0 0 
0 5 0 37 0 0 0 7 19 0 0 5 1 15 0 7 34 1 0 0 3 12 2 3 58 0 0 1 8 0 29 24 0 0 0 2 0 32 0 12 1 5 10 30 1 0 11 0 11 0 0 0 25 0 0 0 8 0 9 0 0 1 0 8 
0 23 34 41 0 5 20 44 8 7 0 25 0 22 60 37 36 37 0 7 37 23 8 29 32 0 0 12 157 0 15 24 0 4 0 3 0 27 12 9 9 4 22 28 0 0 10 31 8 1 13 1 1 0 0 102 21 0 6 0 0 31 14 20 
0 20 0 0 0 0 0 2 7 0 0 14 0 0 0 40 5 0 0 0 0 0 0 0 0 0 0 0 1 0 0 13 0 3 0 0 0 0 0 8 48 0 1 2 0 0 0 0 1 87 0 0 27 0 0 1 7 0 4 0 0 0 0 9 
2 18 47 8 0 1 10 20 5 13 1 0 5 0 8 16 12 53 1 0 7 14 13 37 36 0 0 17 38 0 21 21 0 30 7 69 0 2 0 51 0 0 19 65 2 0 5 0 19 0 3 8 0 0 0 0 19 0 3 4 2 9 7 8 
0 0 0 0 0 0 0 1 0 0 0 0 0 0 0 0 6 0 0 0 0 0 1 0 0 0 0 0 0 0 3 7 0 0 0 0 0 0 0 0 39 0 0 0 0 0 0 0 6 73 0 0 37 0 0 46 0 0 2 0 0 0 0 0 
0 0 0 0 0 0 4 2 0 0 0 0 0 0 0 0 0 0 0 0 0 0 0 0 0 0 0 0 0 1 0 0 0 0 0 0 0 0 0 0 0 0 0 0 0 0 3 0 0 0 0 0 0 0 0 0 2 0 0 0 0 0 0 0 
0 2 21 4 7 0 0 10 5 44 0 0 0 7 0 1 21 0 0 40 5 9 5 14 5 0 0 0 5 0 13 26 0 8 3 0 2 4 13 0 0 4 12 0 23 0 7 1 2 0 1 0 5 0 0 0 8 0 0 0 0 0 6 2 
0 24 1 1 3 0 34 9 8 6 0 4 0 8 18 10 5 1 0 0 11 1 1 23 1 0 0 0 3 0 2 8 4 3 24 0 0 0 2 0 0 3 27 71 3 0 2 0 1 0 4 0 0 0 0 0 11 0 2 0 0 1 2 10 
0 6 0 0 0 0 0 1 4 0 0 10 18 0 0 1 9 0 0 0 1 1 0 4 0 0 0 22 0 0 2 5 0 1 2 0 0 20 0 0 15 0 6 8 0 0 3 0 0 0 0 0 1 0 0 2 8 0 0 0 0 10 0 0 
0 2 0 0 0 0 0 0 6 0 0 5 0 0 0 7 0 6 0 0 0 0 0 0 0 0 0 0 0 0 1 3 0 1 0 0 0 0 0 2 18 0 0 0 0 0 0 0 0 2 0 0 14 0 0 0 0 0 2 0 0 1 0 0 
0 20 0 0 0 0 0 2 2 0 0 8 0 3 114 0 13 0 0 0 8 0 3 1 0 0 0 19 92 0 2 13 0 0 153 0 0 71 0 0 0 0 6 45 0 0 9 0 0 0 0 0 0 0 0 0 2 0 0 0 0 23 0 16 
0 0 1 2 0 0 0 1 1 0 0 0 0 0 0 0 0 0 0 0 1 0 0 5 0 0 0 0 0 0 0 0 0 0 0 0 1 0 1 0 0 0 2 3 0 0 0 0 0 0 0 0 0 0 0 0 2 0 0 0 0 0 0 0 
2 0 0 0 0 0 0 1 0 0 0 0 0 0 0 0 6 0 0 0 0 0 0 9 0 0 0 0 0 0 1 2 0 0 0 0 0 0 0 0 0 0 0 2 0 0 0 0 0 0 0 0 0 0 0 0 1 0 0 0 0 0 0 0 
0 3 0 1 0 0 0 0 7 0 0 4 0 4 0 10 0 3 0 0 0 0 1 0 0 0 0 0 0 0 0 0 0 1 0 0 0 0 0 5 11 0 1 2 0 0 0 0 2 3 0 0 4 0 0 0 0 0 3 0 0 1 0 4 
0 0 0 0 0 0 0 6 1 0 0 1 0 0 0 0 0 0 0 0 0 0 0 0 0 0 0 0 0 0 1 13 0 0 0 0 0 0 0 0 42 0 0 0 0 0 0 0 0 3 0 0 0 0 0 0 3 0 0 0 0 0 0 0 
0 0 0 0 0 0 0 2 8 0 0 0 0 0 0 0 0 0 0 0 8 0 0 0 0 0 0 0 0 0 0 4 0 1 0 0 0 0 0 0 0 0 0 0 0 0 0 0 0 0 0 0 0 0 0 0 8 0 4 0 0 0 0 0 
0 3 0 1 0 0 0 3 1 0 0 0 0 6 0 6 4 0 0 0 0 0 0 0 0 0 0 0 0 0 0 11 0 0 0 0 0 0 0 0 0 0 0 0 0 0 1 0 0 0 0 0 0 0 0 0 5 0 0 0 0 6 0 1 
0 0 0 0 0 0 12 7 0 0 0 0 0 1 2 0 0 0 0 0 0 0 0 0 0 0 0 0 0 0 0 2 0 0 2 0 0 0 0 0 3 0 0 0 0 0 0 0 0 0 0 0 0 0 0 0 6 0 0 0 0 0 0 0 
0 8 0 0 0 0 12 1 4 6 0 6 0 0 0 1 3 3 0 2 0 0 0 5 0 0 0 1 3 0 0 3 0 0 1 0 0 0 1 0 3 0 6 11 0 0 0 0 1 0 0 0 1 0 0 0 11 0 2 0 0 5 0 8 
0 0 0 0 0 0 0 5 5 0 0 0 0 1 0 0 0 0 0 0 2 0 2 0 0 0 0 0 0 1 0 3 0 0 0 0 0 0 0 0 0 0 0 0 0 0 0 0 0 2 0 0 0 0 0 0 6 0 1 0 0 0 0 0 
0 2 0 0 0 0 5 3 0 0 0 4 0 4 4 1 0 0 0 0 2 0 0 9 0 0 0 0 0 0 0 0 1 0 0 0 0 0 0 0 12 2 1 3 0 0 0 0 0 1 1 0 0 0 0 8 0 0 0 0 0 0 0 0 
0 6 0 0 0 0 1 1 26 0 0 7 0 0 0 29 60 15 0 0 4 38 4 0 0 0 0 0 54 0 33 28 0 6 0 8 0 0 0 3 0 0 2 0 0 0 0 0 11 0 1 7 55 0 0 0 7 0 22 0 0 0 0 22 
0 1 0 0 0 0 0 4 0 0 0 0 0 0 1 0 0 0 0 0 0 0 0 2 0 0 0 0 0 0 0 0 0 0 0 0 0 0 0 0 0 0 4 0 0 0 0 0 0 0 0 0 0 0 0 3 0 0 0 0 0 0 0 0 
0 0 0 0 0 0 2 1 0 0 0 0 0 0 6 0 0 0 0 0 0 0 0 1 0 0 0 0 0 0 0 0 0 0 16 0 0 0 0 0 0 0 1 2 0 0 0 0 0 3 0 0 0 0 0 22 0 0 0 0 0 0 0 0 
0 0 0 0 0 0 0 0 3 0 0 2 0 0 0 0 6 0 0 0 3 2 1 2 0 0 0 0 0 0 4 1 0 0 0 0 0 0 0 0 0 0 1 0 0 0 0 0 3 0 0 0 7 0 0 0 0 0 0 0 0 0 0 0 
0 0 0 0 0 0 0 0 0 0 0 0 0 0 3 0 0 0 0 0 3 0 0 6 0 0 0 0 0 0 0 2 0 0 0 0 0 0 0 0 0 0 2 2 0 0 0 0 0 0 0 0 0 0 0 0 6 0 0 0 0 0 0 0 
0 0 17 0 0 0 0 0 0 0 0 0 0 0 0 0 3 0 0 0 0 0 0 11 0 0 0 3 0 0 0 4 0 0 0 0 0 9 2 0 0 0 4 0 0 0 14 0 0 0 0 0 0 0 0 0 0 0 0 0 0 2 0 1 
0 0 1 1 0 0 0 4 0 0 0 0 0 0 0 0 2 0 0 0 0 0 0 2 0 0 0 0 0 0 0 7 0 0 0 0 0 0 0 0 0 0 8 0 0 0 5 0 0 0 0 0 0 0 0 0 2 0 0 0 0 2 0 1 
0 2 0 0 0 0 0 0 4 0 0 6 0 0 0 0 1 0 0 0 0 0 0 0 0 0 0 0 0 0 0 6 0 0 0 0 0 0 0 0 1 0 2 1 0 0 0 0 0 0 0 0 0 0 0 0 0 0 1 0 0 0 0 0 
0 1 0 0 0 318 2 9 36 0 0 15 0 1 177 5 13 16 0 0 26 5 75 19 0 0 0 0 0 0 14 17 0 1 102 3 0 0 0 0 0 0 57 1 1 0 3 4 26 5 0 98 1 2 0 35 35 0 21 0 0 0 3 53 
0 0 0 0 0 0 0 0 5 0 0 0 0 0 0 0 1 0 0 0 0 0 0 1 0 0 0 0 0 0 0 1 0 0 0 0 0 0 0 1 1 0 4 0 0 0 1 0 0 1 0 0 12 0 0 3 4 0 0 0 0 0 0 0 
0 0 1 0 0 0 17 10 4 0 0 1 0 4 2 0 0 0 0 16 5 0 0 8 0 0 0 0 0 0 0 5 1 1 6 0 1 1 0 0 0 0 9 0 6 0 5 1 0 0 0 0 0 0 0 0 10 0 0 0 0 1 1 1 
0 0 0 0 0 0 2 3 1 1 0 3 0 1 8 0 0 0 0 0 0 0 0 1 0 0 0 0 0 0 0 2 0 0 0 0 0 0 0 0 5 0 1 0 4 0 0 0 0 0 0 0 0 0 0 2 0 0 0 0 0 0 1 0 
0 0 0 0 1 0 3 8 0 0 0 0 0 1 4 0 3 0 0 1 0 0 0 2 0 0 0 0 0 0 0 7 0 0 0 0 0 0 0 0 0 0 3 0 0 0 0 0 0 0 0 0 0 0 0 1 1 0 0 0 0 0 0 0 
0 0 4 3 0 0 2 0 0 1 0 0 0 0 0 0 0 0 0 0 0 0 0 4 2 0 0 0 0 0 0 1 0 0 0 0 0 0 0 0 0 0 7 6 0 0 4 0 0 0 0 0 0 0 0 0 1 0 0 0 0 0 0 0 
0 56 0 1 5 0 0 5 0 0 0 0 21 0 0 0 15 0 0 0 1 0 0 3 5 0 0 0 0 0 6 20 0 0 0 0 0 0 0 0 15 0 6 0 0 0 6 0 1 0 0 0 0 0 0 1 11 0 0 0 0 2 0 0 
0 0 0 0 0 0 0 0 1 0 0 0 0 0 0 0 0 0 0 0 1 0 0 0 0 0 0 0 0 0 0 3 0 0 0 0 0 0 0 0 14 0 0 0 0 0 0 0 0 12 0 0 2 0 0 0 2 0 0 0 0 0 0 0 
0 7 8 9 0 0 0 0 3 1 0 1 0 0 0 0 0 0 0 0 0 0 0 1 2 0 0 0 1 0 0 9 0 0 0 0 0 0 4 0 0 0 7 9 0 0 0 0 0 0 0 0 4 0 0 0 4 0 0 0 0 0 0 0 
0 2 0 0 0 0 4 7 0 0 0 0 0 0 0 0 0 0 0 2 15 0 0 5 0 0 0 0 0 0 0 0 0 0 0 0 0 0 0 0 0 0 3 0 0 0 0 0 0 0 0 0 0 0 0 0 5 0 0 0 0 4 1 0 
0 0 0 0 0 0 9 8 1 0 0 0 0 1 0 0 1 0 0 0 1 0 0 2 0 0 0 0 0 0 0 6 0 0 2 0 0 0 0 0 0 0 0 0 0 0 0 0 1 0 1 0 0 0 0 0 2 0 0 0 0 0 0 0 
